Mfap4 Fibr [4.406686782836914, 4.5489630699157715, 4.438439846038818, 4.437039375305176, 4.2778778076171875, 4.481670379638672, 4.498534679412842, 4.505560398101807, 4.469107151031494, 4.360666751861572] [5.090725297038693e-69, 7.626418933778444e-66, 1.9642694963736784e-66, 8.730337869225492e-64, 2.480949230663819e-66, 8.001882217096747e-69, 4.431370513948886e-67, 1.1078679323938025e-68, 6.621536303527083e-67, 2.2427102765730836e-65]
Tmem119 Fibr [3.8788046836853027, 3.881868839263916, 3.994211196899414, 4.033276557922363, 3.985006093978882, 4.069933891296387, 3.8626599311828613, 3.952533483505249, 3.967069149017334, 3.9193320274353027] [5.982350839374834e-58, 6.034829331908223e-57, 2.173853009814309e-58, 6.068517888192544e-57, 9.504222153451105e-58, 8.953025116448295e-57, 8.963637016000899e-56, 1.1523290672541025e-58, 1.6430087519428e-58, 1.0111290798515976e-57]
Myh11 Fibr [2.165487289428711, 2.1515748500823975, 2.2120797634124756, 2.1522953510284424, 2.148975372314453, 2.1805222034454346, 2.173766851425171, 2.082420587539673, 2.1842546463012695, 2.1655051708221436] [1.4683549804672803e-19, 8.309638824818462e-19, 3.0340158506083267e-19, 2.5853356418388692e-20, 1.9764200420395657e-19, 4.569687936319506e-19, 1.560413456223455e-19, 2.6658133008265423e-19, 1.6434686913083334e-19, 2.073438444288619e-19]
Myh11 Portal vein [2.1450953483581543, 2.3864259719848633, 2.26369047164917, 2.300938129425049, 2.379476308822632, 2.2646844387054443, 2.257434368133545, 2.4000399112701416, 2.1859803199768066, 2.2124454975128174] [1.0624457371812667e-09, 3.965761961356331e-09, 1.3159498129748424e-11, 1.0993562664944482e-07, 2.7378653138961116e-11, 1.5097911622150456e-08, 8.305650643574387e-10, 1.1732176880090092e-09, 3.0286325886635357e-09, 2.1997239425356075e-08]
Chil3 Fibr [3.116586923599243, 3.1916909217834473, 3.3677260875701904, 3.075853109359741, 3.2332286834716797, 3.1986289024353027, 3.1681747436523438, 2.909097909927368, 2.9561374187469482, 3.022444486618042] [5.775181803512708e-08, 8.492393587653266e-08, 3.9611701286420755e-08, 7.869663253872028e-08, 3.39445295752858e-08, 6.592744979523849e-08, 2.0625034572071714e-07, 8.236374082600189e-08, 2.6435893057007054e-07, 1.2940056354967926e-07]
Des Fibr [1.7242807149887085, 1.729135513305664, 1.6012637615203857, 1.6874775886535645, 1.631662130355835, 1.6415174007415771, 1.648730993270874, 1.6329452991485596, 1.6534909009933472, 1.7782721519470215] [3.696589986238794e-07, 1.4670814547316705e-07, 1.1139076807726037e-06, 3.5135646422758816e-06, 1.3244675685235456e-06, 1.3336694297277285e-07, 8.342493179569267e-07, 1.0176914156379802e-06, 6.676825774931992e-07, 1.6629404540035184e-07]
Acta2 Fibr [2.424161672592163, 2.204116106033325, 2.502659320831299, 2.1339282989501953, 2.206892490386963, 2.0964488983154297, 2.3586416244506836, 2.290025234222412, 2.4383623600006104, 2.1650822162628174] [1.5279684200998862e-06, 1.1117923976209992e-05, 9.69446907438303e-07, 3.1867496442066705e-06, 7.989138412238169e-07, 6.49432322744144e-06, 1.124806340745783e-06, 2.093292484569075e-06, 2.1422675243340937e-06, 7.874020341124912e-06]
Acta2 Portal vein [2.8569865226745605, 2.8474268913269043, 2.7854082584381104, 2.957528591156006, 2.9681315422058105, 2.894897937774658, 2.8354485034942627, 3.0336451530456543, 2.8523008823394775, 2.8914055824279785] [1.638975385434283e-06, 3.2260788681093143e-05, 1.2213872589548826e-05, 5.677933687488534e-06, 5.9878865536468584e-06, 1.3340502423825828e-05, 2.6601372247204112e-05, 5.795760100864391e-07, 8.37982480208445e-05, 8.094208045346154e-06]
Spon2 Fibr [1.8220252990722656, 1.7729687690734863, 1.8441190719604492, 1.9070051908493042, 1.769033670425415, 1.8387948274612427, 1.5894372463226318, 1.7179819345474243] [0.003924130421958528, 0.008860834613663627, 0.0037732216493071937, 0.002304313399105812, 0.005452101236299493, 0.004682659976779538, 0.009535119704247443, 0.0037029903884460355]
Spon2 Stel [1.7771449089050293, 1.9059408903121948, 1.645759105682373, 1.615457534790039, 1.7468667030334473, 1.8394057750701904, 1.7803231477737427, 1.9796940088272095, 1.7159284353256226, 1.8134586811065674] [1.838064814557676e-05, 6.900981282066852e-06, 0.0021801605446305893, 0.00021460042045720997, 0.0001759509850474332, 5.8503713194987766e-05, 0.00012316961734149616, 4.906252367291453e-06, 0.0005447158359235864, 0.0001015246452846043]
Gdf15 Hepa [0.8373190760612488, 0.8014293909072876, 0.7159919738769531, 0.5957185626029968, 0.6919126510620117, 0.7323033809661865, 0.7717132568359375, 0.678485095500946, 0.517331063747406, 0.7334696054458618] [1.7577105517404868e-13, 4.16008840672216e-11, 7.55637623735804e-12, 1.9731270068001654e-08, 5.797298944150831e-14, 2.2599191876424395e-10, 1.1875092779455322e-12, 9.872367223584418e-09, 2.576956699403525e-07, 7.634889646707589e-12]
Gdf15 LSEC [0.661802351474762, 0.6090639233589172, 0.6961601972579956, 0.6627196669578552, 0.6169756650924683, 0.6870269179344177, 0.7283236980438232, 0.5334593653678894, 0.7603738903999329, 0.7893479466438293] [6.787136521880477e-05, 4.660511723193534e-06, 2.5945048009384413e-06, 2.1743917066759423e-07, 2.7371268201393216e-05, 3.370141742941026e-06, 2.140128653613021e-06, 0.0009713700774749977, 1.3639928964666403e-08, 1.78500455279408e-07]
Mmp12 Hepa [1.7097638845443726, 1.5889225006103516, 1.3389915227890015, 2.0264222621917725, 1.6881479024887085, 1.7816393375396729, 1.5220685005187988, 1.4832204580307007, 1.6171633005142212, 1.6663898229599] [3.119591088448308e-11, 4.581213781618686e-10, 9.266596301567718e-07, 4.187394676619994e-12, 2.4674522354762225e-10, 3.257918094293527e-10, 1.875952818373578e-08, 9.210522229643326e-09, 1.1262577031485246e-08, 1.096170998731913e-10]
Ngfr Hepa [0.22972039878368378, 0.36047810316085815, 0.11200885474681854, 0.1436176747083664, 0.18279506266117096, 0.17999888956546783, 0.2236802875995636, 0.093960240483284, 0.08050578832626343, 0.23052014410495758] [0.0001808802822179197, 3.3179486487541734e-08, 0.003578432266289792, 0.001192845954728156, 8.248511646673644e-06, 0.002351363641082307, 0.00017815603689735952, 0.002992714592167533, 0.003139183368499837, 1.4832231637617046e-05]
Ngfr LSEC [0.6466968059539795, 0.6790571808815002, 0.7533797025680542, 0.7666642069816589, 0.6466217637062073, 0.8212099671363831, 0.66739422082901, 0.7185377478599548, 0.8223154544830322, 0.7488840222358704] [8.61171237326144e-13, 2.944335336668739e-16, 6.782734715413397e-16, 2.225039396320905e-15, 2.65679396334915e-12, 3.142789527699731e-20, 1.1347413851380559e-13, 5.6487700021742865e-15, 2.6772388033285284e-20, 3.0211897554467e-14]
Ngfr B cell [0.27762553095817566, 0.30801352858543396, 0.46003150939941406, 0.3127081096172333, 0.3582857847213745, 0.316180557012558, 0.2999676764011383] [0.005238077897391873, 0.004285349380994202, 1.3034672677566607e-05, 0.00861149946309929, 0.007552498216464482, 0.0031976950926248192, 0.004068964977626786]
Lgr5 Hepa [3.6908161640167236, 3.5344927310943604, 3.428252696990967, 3.078969955444336, 3.8819868564605713, 3.0110936164855957, 3.454932451248169] [0.0029050892284118754, 0.0010430391151952606, 0.005199174089515456, 0.0050683772015136614, 0.0012790875814841108, 0.004455503353494409, 0.003139183368499837]
Clec9a Kupf [1.2458083629608154, 1.3774868249893188, 0.9878292083740234, 0.8537511825561523, 1.1014430522918701, 1.2555720806121826, 1.312788486480713, 0.8447850942611694, 1.0652134418487549, 1.278702735900879] [8.486603062002623e-45, 2.4517647720686154e-56, 5.097912561644315e-38, 1.2802386086871655e-37, 4.1427029190271546e-45, 2.354183852835162e-46, 1.28879056103686e-45, 1.0654648002109686e-36, 3.717288647029667e-39, 2.3120149896656256e-45]
Clec9a LSEC [0.5965538024902344, 0.49397745728492737, 0.4941098392009735, 0.43620920181274414, 0.2662416696548462, 0.4915599226951599, 0.41704416275024414, 0.4299190938472748, 0.5406715273857117, 0.41529566049575806] [2.3447614634186014e-14, 1.0302667821119436e-14, 2.498184426889327e-15, 5.380307025918775e-19, 4.022333435404511e-12, 8.322133309050802e-17, 6.1644730499211715e-12, 4.725298632422595e-16, 2.1593489649391306e-20, 2.2785049007742467e-13]
Clec9a Oth im [3.0164384841918945, 3.0717363357543945, 3.2757325172424316, 3.4723236560821533, 3.407616138458252, 3.1777007579803467, 3.0917751789093018, 3.6252052783966064, 3.339728593826294, 3.140894889831543] [1.659655050429214e-08, 7.270937806581197e-08, 1.4129161353170767e-08, 6.413509739113209e-10, 7.080533088649289e-10, 9.524899428029411e-07, 5.595565160985738e-07, 1.982035441930505e-15, 1.0669590241511732e-10, 2.3827572010133344e-06]
Cyp2e1 LSEC [0.4560965597629547, 0.6639505624771118, 0.3554672300815582, 0.4720538258552551, 0.46037256717681885, 0.45921680331230164, 0.4258784055709839, 0.5363144278526306, 0.5016917586326599, 0.4868333637714386] [1.310200016153018e-11, 3.0562446012295933e-15, 9.4595768748359e-08, 6.870896917313114e-12, 2.9222666683337176e-10, 1.496531462824685e-11, 2.713512925376347e-10, 9.521973053861573e-13, 5.611187520485709e-11, 3.0927948138219236e-12]
Cyp2e1 Central vein [1.007784366607666, 1.0238488912582397, 0.9995046854019165, 1.0175023078918457, 1.065877079963684, 1.0138362646102905, 1.0636183023452759, 0.9893838763237, 1.0225298404693604, 1.0257941484451294] [5.029405192992143e-51, 1.2788407930908055e-51, 7.781466393432108e-51, 5.462054581422688e-51, 9.573631457964824e-55, 8.958376423852052e-51, 2.404573730375735e-54, 5.733559687651842e-50, 1.5832474739933763e-52, 1.7190283745515208e-51]
Cyp2e1 Stel [0.5982933640480042, 0.6084892153739929, 0.6781436800956726, 0.6760221123695374, 0.657412588596344, 0.6344285607337952, 0.5767539739608765, 0.5505925416946411, 0.5412973761558533, 0.7343873381614685] [7.553395994710863e-17, 5.963096653405813e-18, 4.73984425679201e-18, 9.80104721115386e-19, 1.1416716391627245e-17, 2.0337738859741835e-21, 1.6798190817562564e-18, 1.0623766030667378e-13, 6.25117915816558e-14, 2.5716620582168527e-22]
Cyp2e1 B cell [0.06415040045976639, 0.07191149145364761, 0.04679805412888527, 0.13910159468650818, 0.07982481271028519, 0.04192015528678894] [0.0005574351341949347, 9.073564050690396e-05, 0.0006311592569420722, 0.00046146409775447116, 0.0028209217179798163, 0.0024246664432510307]
Ghr LSEC [0.2554657757282257, 0.18583661317825317, 0.09484828263521194, 0.20683564245700836, 0.19227425754070282, 0.21694909036159515, 0.2329205870628357, 0.26852360367774963, 0.25916457176208496, 0.2841954827308655] [2.878938594347937e-05, 0.00013674861940885557, 0.0038876238695900165, 2.432195309310834e-06, 3.8284101720914445e-06, 9.890491319083575e-07, 8.544733034808892e-08, 2.8765517201786535e-06, 1.626790921898749e-08, 3.006010114256027e-07]
Ghr Stel [0.16046354174613953, 0.07289928197860718, 0.19589540362358093, 0.14800763130187988, 0.16144630312919617, 0.20012356340885162, 0.15779899060726166, 0.23464195430278778, 0.1276715248823166, 0.28386378288269043] [3.2471333881467986e-05, 0.0035908968881166866, 8.436964582039512e-06, 1.8185227210585608e-05, 8.687064153189381e-06, 4.004761946499262e-06, 8.635277734368171e-05, 3.195734684593759e-07, 0.00023234209267367954, 2.514424928011995e-08]
Fn1 LSEC [0.06975948065519333, 0.08517036586999893, 0.01885950192809105, 0.093748077750206, 0.14161314070224762, 0.11320571601390839, 0.10050685703754425, 0.17156866192817688, 0.0903487429022789] [0.004993085574779584, 0.0015375907636103422, 0.009029329683934783, 4.7905422275170536e-05, 8.802863131160969e-06, 4.21261593904207e-06, 0.00019570900508420025, 2.383600621828962e-06, 0.0005024073094170695]
Cd5l B cell [0.5994961261749268, 0.6130586862564087, 0.6679612994194031, 0.5893078446388245, 0.6508499979972839, 0.5201787948608398, 0.517859935760498, 0.6519137024879456, 0.6092681884765625, 0.6300594210624695] [3.231652359111998e-22, 5.676138481928493e-23, 1.2439994870793147e-24, 4.4278625865223126e-20, 5.4844409894930086e-27, 8.824338399105618e-19, 2.5810000853108166e-17, 7.385986854147133e-23, 1.63449207720486e-27, 6.817673053097694e-21]
Clec4f B cell [0.19284392893314362, 0.23961524665355682, 0.22556255757808685, 0.11081041395664215, 0.23865409195423126, 0.16332456469535828, 0.17292165756225586, 0.18323081731796265, 0.1931530088186264, 0.27568724751472473] [7.789212357106757e-14, 8.621487038273295e-14, 6.547524627503003e-14, 4.139549351157151e-12, 2.717782902765802e-16, 7.796308035256171e-13, 3.182357963817897e-10, 2.0752902859893728e-13, 3.657411908021341e-15, 8.301348269528353e-15]
Vsig4 B cell [0.3851281702518463, 0.3908438980579376, 0.31341037154197693, 0.2210584282875061, 0.328056663274765, 0.33836671710014343, 0.2990100681781769, 0.36500975489616394, 0.2830793559551239, 0.2949811518192291] [0.000289121000385518, 0.0004127087558286141, 0.0003579643605635349, 0.004055461787721299, 0.00037437652873911303, 0.0011030592646213548, 0.007712975675208286, 0.00010765587972081236, 0.001577558493503291, 0.0002153659038815708]
Gls2 B cell [0.4583732485771179, 0.3474787175655365, 0.39768674969673157, 0.39380088448524475, 0.4262787401676178, 0.4151347279548645, 0.4105956256389618] [0.0015852483981377483, 0.002783762563201465, 0.0029205928774724502, 0.006822123629476588, 0.0016201862198284905, 0.0010807593471893117, 0.004515898471437001]
Gls2 LSEC [0.4949720799922943, 0.3779996931552887, 0.49485689401626587, 0.4585864841938019, 0.3710055351257324, 0.5294676423072815, 0.40171128511428833] [0.000356817019448315, 0.004083989860513319, 0.00017240625784196238, 0.00034322187090038143, 0.002599622250697405, 0.00014775107400931563, 0.0014847407579568822]
Glul Central vein [3.034717321395874, 3.159766674041748, 3.055302381515503, 3.026172161102295, 3.1401963233947754, 3.0840587615966797, 3.134861707687378, 3.070723295211792, 3.1317849159240723, 3.139455556869507] [6.677224202603148e-172, 5.954200653665486e-176, 9.108957038871002e-173, 7.264719070728411e-171, 3.179180902920476e-175, 4.2032720435866866e-173, 2.5551588343393944e-175, 1.2129707155496385e-172, 1.6517096108185632e-175, 3.930760742304344e-175]
Pecam1 Central vein [1.759336233139038, 1.7347451448440552, 1.75911283493042, 1.7355421781539917, 1.7617045640945435, 1.7431328296661377, 1.751971960067749, 1.7356629371643066, 1.7398903369903564, 1.7439987659454346] [1.04944166353601e-137, 1.1791303886439668e-135, 4.1285890942756127e-137, 1.6426145424018846e-135, 9.982253576663982e-137, 1.3066451515760606e-135, 5.775294291640896e-137, 1.889155006139038e-135, 4.9692606000633856e-136, 4.851693265252639e-136]
Pecam1 Portal vein [2.139254570007324, 2.108271837234497, 2.123847007751465, 2.092275619506836, 2.150078535079956, 2.133518934249878, 2.165174722671509, 2.125059127807617, 2.1228294372558594, 2.15759015083313] [2.4255310915408915e-136, 4.767950075618335e-135, 8.90467230616438e-134, 5.233277825218498e-133, 4.811816848526746e-143, 8.90570033739382e-139, 3.2215873279517356e-137, 1.4616568863239512e-136, 9.226006918452899e-136, 7.552983347002351e-144]
Sirpa Central vein [0.26610612869262695, 0.26967576146125793, 0.2944106161594391, 0.29694217443466187, 0.3569466173648834, 0.3119276165962219, 0.31505027413368225, 0.29759088158607483, 0.3141621947288513, 0.3044525682926178] [1.1620940463514796e-11, 2.011676062451901e-12, 2.254935613976103e-12, 1.2729734946866917e-12, 2.4408301313894237e-13, 8.069950091948691e-13, 3.3408567901497076e-12, 4.2680543130585895e-12, 1.0477346073799974e-12, 7.936104544835539e-13]
Sirpa Chol [0.2069581151008606, 0.2554844319820404, 0.21499474346637726, 0.31268295645713806, 0.3062257468700409, 0.28292232751846313, 0.28623300790786743, 0.3423595726490021, 0.290566623210907, 0.23096583783626556] [1.1569689103475438e-11, 1.023897074652042e-12, 2.8706447452195133e-11, 2.113861167977884e-13, 1.414587996697815e-13, 1.0333306885043332e-12, 2.0731935332073923e-15, 1.4830149814956487e-14, 2.179433816930739e-16, 4.0096784941936624e-13]
Flt4 Central vein [0.18297487497329712, 0.19597531855106354, 0.1483786255121231, 0.17022272944450378, 0.1303228884935379, 0.14902468025684357, 0.15673604607582092, 0.15643630921840668, 0.18054312467575073, 0.1701093316078186] [1.8204073878811412e-09, 2.3529175241818595e-09, 8.084658414226752e-09, 8.480276150134718e-09, 1.0703103699018087e-08, 3.022234833520685e-09, 1.2987394480895432e-08, 1.095718381659787e-08, 2.580317144463874e-09, 3.2621149799493425e-09]
Flt4 Portal vein [0.21526096761226654, 0.26143306493759155, 0.37046265602111816, 0.22866107523441315, 0.36417680978775024, 0.30171576142311096, 0.27455270290374756, 0.34032487869262695, 0.2644641101360321, 0.289804071187973] [1.5316373543210185e-11, 3.3290463873397986e-12, 2.538407888404153e-14, 3.1789319214047947e-10, 1.3665207478775544e-15, 2.612185525543613e-12, 2.286433891604604e-13, 1.1108731772835228e-14, 6.054161267095336e-12, 3.797367720082497e-13]
Hal Stel [0.33909130096435547, 0.25793394446372986, 0.3404376208782196, 0.3513992428779602, 0.35754793882369995, 0.4506654441356659, 0.37543004751205444, 0.5288136601448059, 0.44291961193084717, 0.320866197347641] [8.365816615026117e-08, 5.2091737430928356e-08, 1.0034501400242083e-12, 2.0408870707705114e-11, 2.5030919783188233e-11, 1.1735158921889606e-13, 1.8144001873948016e-11, 2.1363929639803423e-15, 1.92437611928094e-11, 5.089473263252793e-09]
Hal Portal vein [0.5832998156547546, 0.4357573091983795, 0.6531016230583191, 0.5431813597679138, 0.5417702794075012, 0.4638931155204773, 0.4500190317630768, 0.4993239641189575] [0.00033802964713627924, 0.007438861520878651, 1.1019018164189615e-05, 0.0008065318191218495, 0.0002667813400510533, 0.007667493541693167, 0.003679985001344812, 0.0007889706192670927]
Cd36 Portal vein [2.079914093017578, 2.0961880683898926, 2.066077947616577, 2.129870653152466, 2.1779680252075195, 2.0848193168640137, 2.1272192001342773, 2.0810558795928955, 2.1247339248657227, 2.188724994659424] [3.603439417415331e-54, 2.709151488170318e-54, 7.479362259070813e-57, 4.403351446026836e-55, 6.042413126002532e-61, 6.712059705621021e-54, 5.018770053195637e-60, 4.332079074951178e-53, 5.549549798371447e-57, 1.217472734833643e-60]
Plpp1 Portal vein [0.30546554923057556, 0.30598142743110657, 0.2692798376083374, 0.05842924118041992, 0.290374219417572, 0.23485036194324493, 0.2878113389015198, 0.2561787962913513, 0.2003556191921234, 0.2944032847881317] [2.4572674261752397e-12, 2.842791690568383e-12, 2.807870801835977e-10, 2.0056403184549341e-07, 1.2856176628324872e-12, 2.2181718308614512e-10, 8.35727338498885e-12, 9.937979529241824e-11, 1.1837750668659808e-09, 2.8150058279701875e-11]
Sds Portal vein [0.8636659979820251, 0.9528928995132446, 0.8470946550369263, 0.8901869058609009, 1.0323271751403809, 0.9749244451522827, 0.8335610628128052, 0.9420176148414612, 0.8336749076843262, 1.0308805704116821] [1.019766681457119e-09, 6.192295457583719e-13, 6.608565107391154e-09, 7.240276359130021e-10, 1.2380181399138612e-13, 2.4803351173696506e-11, 1.3394951889522194e-10, 1.7856117233580317e-09, 3.59731803893692e-09, 2.8885925826170493e-13]
Sds Chol [0.5451410412788391, 0.3233053684234619, 0.5758504271507263, 0.48540550470352173, 0.42407023906707764, 0.44432687759399414, 0.49848827719688416, 0.5869718194007874, 0.5107449889183044, 0.522269606590271] [3.0564195585335285e-09, 8.662825997718012e-07, 4.6530653500031304e-12, 6.55912975075644e-08, 4.745159369329019e-07, 1.1315879161962412e-07, 7.723450618254682e-09, 2.702376503421326e-10, 8.154392620347888e-08, 1.5737620732563217e-08]
Dpt Chol [1.3533812761306763, 1.3219248056411743, 1.3262276649475098, 1.335497260093689, 1.2690688371658325, 1.2697283029556274, 1.3003019094467163, 1.2117767333984375, 1.2931842803955078, 1.3648643493652344] [1.1036776800912891e-52, 1.3976888446867838e-54, 2.3496297947097333e-54, 4.245740860212723e-50, 6.548253140147098e-45, 3.889060299422381e-50, 6.287642705422973e-51, 1.465199125278878e-40, 1.202571160113403e-52, 5.148928351773418e-53]
Col1a1 Chol [0.08209309726953506, 0.19668559730052948, 0.0853174701333046, 0.13451117277145386, 0.15683777630329132, 0.2883830964565277, 0.07397523522377014, 0.20603759586811066, 0.09413149207830429, 0.16806577146053314] [1.1103137451198254e-14, 1.3597939175711953e-16, 2.0945135740728306e-13, 1.3771673006869814e-13, 3.6609639484170875e-17, 2.5630097526447022e-17, 8.277278757245992e-11, 5.155956987055632e-12, 8.323059663873282e-11, 2.869160285174228e-16]
Cx3cr1 Chol [1.5543540716171265, 1.5178908109664917, 1.7729443311691284, 1.5505659580230713, 1.5208982229232788, 1.539267897605896, 1.6240675449371338, 1.5663007497787476, 1.4580451250076294, 1.370207667350769] [2.510618570668369e-11, 1.790926767058544e-09, 4.7129873010077125e-12, 2.0663583028299396e-08, 1.4515344322998647e-08, 1.9503844574576945e-08, 1.0566063783462438e-08, 2.2779301062163422e-08, 5.624624789836618e-09, 8.407069722360662e-08]
Cx3cr1 Oth im [2.3584446907043457, 2.4450957775115967, 2.282233476638794, 2.3892111778259277, 2.5854108333587646, 2.2880890369415283, 2.298377513885498, 2.311309337615967, 2.362231492996216, 2.6034390926361084] [0.0015147598018740954, 0.0011729680665033555, 0.0020477618892652256, 8.1978354488547e-05, 0.0003550406315328191, 0.0004368111403517103, 0.00029884875317980276, 0.0001228633643125652, 1.4139633879454918e-05, 4.156117293072898e-05]
Adamtsl2 Chol [0.374761164188385, 0.2712852656841278, 0.3471238315105438, 0.27009865641593933, 0.3266010284423828, 0.29363563656806946, 0.22294628620147705, 0.2502160668373108, 0.13404905796051025, 0.18422698974609375] [8.907817615352199e-11, 2.1177507497152758e-11, 8.601395242619826e-11, 2.4874542647752546e-09, 3.409019942217327e-10, 6.768672513208028e-10, 1.489289618585259e-08, 6.93383895486976e-10, 1.1995686951133983e-08, 1.1684390086318653e-09]
Cd3e Oth im [5.842190265655518, 5.800260066986084, 5.684845447540283, 5.757915496826172, 5.736131191253662, 5.851049900054932, 5.971934795379639, 5.842350959777832, 5.9801225662231445, 5.759917259216309] [4.0106842627615644e-98, 2.6352696743577946e-96, 2.041268988484935e-96, 4.385238525775302e-89, 6.454000675354517e-79, 1.249927182108128e-86, 7.259443749296158e-102, 2.681990649026375e-78, 6.961064662899444e-96, 2.4949770203084332e-98]
Axl Oth im [0.6942996978759766, 0.433382511138916, 0.34589502215385437, 0.5440687537193298, 0.419650673866272, 0.5541114807128906, 0.5167599320411682, 0.5383917689323425, 0.5094184279441833, 0.3446935713291168] [1.8530023602380676e-09, 0.00012544071469939834, 6.766087809207313e-05, 2.3802478149320184e-06, 0.0001000504965628437, 0.0001645098449375406, 7.569164948279359e-07, 3.7239986446682597e-07, 8.992915991700526e-06, 0.000345865190767166]
Xcr1 Oth im [4.571211814880371, 4.503056049346924, 4.646529197692871, 4.803869724273682, 4.902892112731934, 4.686450481414795, 4.723637580871582, 4.772488594055176, 4.849466323852539, 4.678544521331787] [2.8555353167504727e-06, 6.5396103342364565e-06, 5.800857928810252e-06, 1.2771156571010182e-07, 2.5584522623261644e-05, 1.1517594355117289e-05, 4.168845991256587e-06, 9.898711164858605e-08, 5.087609943583874e-07, 1.7404091878269995e-05]
Sept3 Oth im [4.034713268280029, 3.708404541015625, 3.8515167236328125, 4.242042541503906, 3.950363874435425, 3.7640397548675537, 3.692723512649536, 4.1461100578308105, 4.035869598388672, 4.125607967376709] [3.248808365105221e-05, 0.00023961859070928214, 6.766087809207313e-05, 6.799206151798742e-07, 1.9632159003053683e-06, 0.0001645098449375406, 1.1142924032704139e-05, 7.91104052393177e-07, 8.992915991700526e-06, 2.8016559092270914e-05]
Cd209a Oth im [4.784226417541504, 3.957509756088257, 4.585962295532227, 4.3125715255737305, 4.345670223236084, 4.326240062713623, 4.6448655128479, 4.675410270690918, 4.348038673400879, 4.366014003753662] [0.0003808098816446763, 0.006989145089176422, 0.0029938184161871313, 0.003890473882625713, 0.0015663966063061924, 0.0007127273847223378, 0.0006222222838120241, 0.00011099110191329334, 0.007110672415286489, 0.004626003257128041]
Itgae Oth im [2.8753159046173096, 2.7840652465820312, 2.9158029556274414, 3.051551103591919, 2.902960777282715, 3.116347551345825, 3.0962514877319336, 2.9062283039093018, 3.3795053958892822, 3.0632386207580566] [0.0017459846554634122, 0.00037030364247780685, 0.00014035827872063721, 5.2904436554394265e-05, 0.0004475374692669673, 0.0006083003217017774, 2.5350012029328755e-05, 0.001540535880437728, 1.4881595665928757e-06, 9.101191474137649e-05]
Stab2 Central vein [0.6712839007377625, 0.7050806283950806, 0.6775055527687073, 0.6836005449295044, 0.6751384139060974, 0.6991563439369202] [0.0059966249298324436, 0.005652842445681181, 0.006150951061149441, 0.00738393825529329, 0.009943590911174392, 0.004147839122786411]
