Clec9a [0.002028796696990875, 0.000233899587662002, 0.006393949891716029, 0.00996162621413796, 0.002580477941660577, 0.0025864016194207854, 0.0009481251684189614] [1.7258214950561523, 2.09653902053833, 1.492284893989563, 1.3789699077606201, 1.693581223487854, 1.7813761234283447, 1.8494559526443481] Kupf
Ngfr [0.0020681974557301883, 2.578312644905534e-05, 0.0015662393861501352, 8.443967236712038e-05, 1.675955035634048e-05, 2.6495657116412726e-07, 2.3226227147339103e-08, 0.009290372316971492] [0.5790278315544128, 0.7529503703117371, 0.6188513040542603, 0.6768755316734314, 0.8072166442871094, 0.8283473253250122, 0.929004430770874, 0.4944741129875183] LSEC
Ngfr [0.00015983520580769022, 7.4025852905666e-05, 6.176085986436795e-05, 0.00023797681595318638, 0.00031059296476064995, 4.322197675025629e-05, 0.00021170469756008124, 8.0330270807646e-05, 0.0001549970834303671, 0.00012282254027618864] [0.6233342289924622, 0.6351228356361389, 0.6686939597129822, 0.5648419260978699, 0.5797296166419983, 0.6572441458702087, 0.5933573842048645, 0.6523988842964172, 0.6181926131248474, 0.6157541275024414] Central vein
Ghr [0.002518404901381675, 0.0011200154123486253, 0.00031187215002020815, 0.0011172250555810913, 8.853817037592208e-06, 0.00879287156973126, 0.0010143590183312357] [0.6362577676773071, 0.7177397012710571, 0.5772980451583862, 0.7220314145088196, 0.7385110855102539, 0.5288774967193604, 0.8170360922813416] LSEC
Cyp2e1 [2.7244990296028454e-13, 2.039605564787441e-14, 3.532160337901808e-14, 1.4044221833450101e-15, 1.7132295575333883e-14, 1.1540067972759507e-13, 3.5919852574014205e-13, 3.7153766068397234e-14, 4.07032663654324e-13, 1.5912231604314852e-14] [1.3475515842437744, 1.473458170890808, 1.45795738697052, 1.60509192943573, 1.517711877822876, 1.3941948413848877, 1.352177619934082, 1.4487674236297607, 1.3348772525787354, 1.5024827718734741] Central vein
Cyp2e1 [0.0005288355813152145, 0.0001875001053501961, 0.0002110771689371088, 5.771796027573879e-08, 1.0859171662532778e-07, 4.258733332924094e-06, 0.0009607865926059285, 6.431357676842077e-08, 0.0007379311093783329] [0.8123911619186401, 1.0245493650436401, 1.0132523775100708, 1.3452438116073608, 1.3700090646743774, 1.1321141719818115, 0.9726613163948059, 1.2136120796203613, 0.9536597728729248] Stel
Stab2 [0.0006306814057247821, 0.00022274759330598006, 0.00036208529941409687, 0.00024712463717986815, 0.00019928031300341738, 0.0001920538289429942, 0.00039774138155638155, 0.00018292084612001158, 0.00019471026283903844, 0.00037280043272760793] [1.3676657676696777, 1.5316559076309204, 1.460976004600525, 1.5592049360275269, 1.5363095998764038, 1.5231271982192993, 1.4621728658676147, 1.5165386199951172, 1.5593581199645996, 1.4748151302337646] Central vein
Cd36 [3.660486650049774e-16, 6.979738836174664e-15, 2.38785417276314e-13, 1.1892553169810232e-15, 2.0743517092945617e-09, 9.472623245868808e-16, 4.0393089354671915e-16, 2.022455015838113e-17, 9.818544748605806e-14, 3.2126929737782163e-09] [2.745009183883667, 2.693941116333008, 2.7639834880828857, 2.6791179180145264, 2.2549846172332764, 2.557351589202881, 2.842644214630127, 2.9735755920410156, 2.6856281757354736, 2.278397798538208] Portal vein
Myh11 [0.00023610249025854285, 2.922871944751801e-05, 0.0013247402808832295, 0.007523440726108111, 0.006070286426780848, 0.0021584534564709, 0.0005916857306043062, 0.00038870679800502453, 0.0018622693785850335] [1.6558897495269775, 1.6357027292251587, 1.7268894910812378, 1.3270260095596313, 0.9855597615242004, 1.5253881216049194, 1.301305890083313, 1.7415385246276855, 1.3949265480041504] Portal vein
Myh11 [1.7818027871477458e-08, 4.548951454763568e-06, 4.9613209300908064e-08, 9.616203806082486e-08, 2.217340510648117e-08, 7.272924007606987e-09, 3.1563268443266644e-08, 7.775836770878767e-10, 2.108476279166428e-06, 7.611863801627056e-10] [3.6835789680480957, 3.3436176776885986, 3.5824239253997803, 3.52718186378479, 4.067782402038574, 3.780487537384033, 3.2669224739074707, 3.829233407974243, 3.2912638187408447, 3.979478597640991] Fibr
Cd3e [1.0382321529697415e-19, 4.653155065338304e-18, 2.142016238346729e-17, 3.213617758546161e-18, 2.876876037288006e-20, 2.702441614516197e-17, 1.105803034182154e-18, 1.5381894657711207e-11, 3.482734908896096e-14, 7.4626910744833605e-19] [5.809973239898682, 5.783135890960693, 5.944940090179443, 6.190505504608154, 5.406808853149414, 5.788041591644287, 5.450312614440918, 5.474327087402344, 5.403492450714111, 5.620768070220947] Oth im
Ccr2 [1.1135041903823402e-09, 2.770835007206717e-07, 3.460086256197314e-07, 6.794729838934519e-05, 1.06084729172681e-06, 2.596489872228455e-05, 2.9217049052718714e-07, 1.0606326103906378e-09, 2.3440131082388405e-06, 4.824114789632736e-07] [2.89241886138916, 2.6573774814605713, 2.2783658504486084, 2.4744155406951904, 2.5836384296417236, 2.3602476119995117, 2.490539789199829, 2.9616012573242188, 2.1935548782348633, 2.5152368545532227] Oth im
Dpt [6.781931895198586e-17, 6.24666066690478e-17, 1.1652157399680878e-15, 2.3552735669836734e-15, 8.416889363666082e-18, 3.2775296196240016e-15, 4.502895096260978e-19, 8.230654222020605e-19, 1.2407709078002504e-17, 1.4376656494551432e-19] [2.6565418243408203, 2.5947253704071045, 2.5985584259033203, 2.700864553451538, 2.598792552947998, 2.5232861042022705, 2.7046165466308594, 2.7039144039154053, 2.7650721073150635, 2.916213035583496] Portal LAM
Lilra5 [2.555404748510916e-08, 1.7187774025670815e-05, 1.1851705373449292e-07, 4.635716857686796e-06, 2.7279775864609193e-07, 2.1905456725892212e-06, 8.61419408548009e-08, 1.5799964368089957e-07, 2.079644414524856e-07, 3.7976429198087025e-07] [3.5998337268829346, 3.704961061477661, 4.358153343200684, 3.496046543121338, 3.7693395614624023, 3.9283902645111084, 4.047711372375488, 3.7366538047790527, 4.1697916984558105, 3.8112754821777344] Portal LAM
Mgl2 [2.1868065356549188e-07, 2.414259196217996e-09, 1.2043676669932277e-08, 2.1590528999838788e-07, 3.815844038232644e-09, 1.7644955205917944e-08, 1.3226020891364794e-06, 1.9875874087211616e-08, 4.678094571155865e-08, 1.6239395620815207e-08] [3.913012981414795, 4.978496551513672, 5.279809951782227, 4.734883785247803, 4.640120506286621, 5.210914611816406, 4.476320743560791, 4.055781841278076, 4.519505977630615, 5.293004035949707] Portal LAM
F13a1 [3.557615076262911e-06, 1.2471768072633793e-08, 1.9724387311237534e-07, 4.671475113864641e-08, 3.963967226366766e-08, 1.8634007082363e-08, 3.818463126675483e-07, 1.589782439939608e-05, 4.346972145610438e-08, 9.554716771883292e-08] [6.158899784088135, 6.885097026824951, 7.930842399597168, 6.1620306968688965, 6.6758856773376465, 5.8596930503845215, 6.436315536499023, 6.39819860458374, 6.881912708282471, 6.7490386962890625] Portal LAM
Clec10a [4.417041161506837e-06, 2.1754567803010017e-07, 1.6103978416468624e-05, 6.573968736014928e-06, 1.1857759128813662e-06, 4.912306692551574e-06, 5.844621860523887e-06, 6.91485494853471e-06, 5.965195701799962e-07, 3.943271879893967e-05] [4.194138526916504, 4.8800249099731445, 4.214298248291016, 3.7387914657592773, 4.524543285369873, 4.095276355743408, 4.490272045135498, 3.570556402206421, 4.28223180770874, 3.8179850578308105] Portal LAM
Tmem119 [5.299355977918583e-06, 5.406874926952326e-06, 1.9724387311237534e-07, 4.671475113864641e-08, 4.807061826345847e-07, 5.207650311874668e-07, 3.314740191286733e-06, 6.783635739584318e-07, 2.6576417004035047e-06, 7.567522230178978e-07] [3.243638277053833, 3.0545570850372314, 3.1384639739990234, 3.256699562072754, 3.1311452388763428, 3.1738531589508057, 3.0253005027770996, 3.0264949798583984, 2.7415926456451416, 2.963792324066162] Portal LAM
Col1a1 [4.069331882874081e-05, 0.0006022170524770668, 8.443285276651058e-05, 0.00031289514776104536, 1.1857759128813662e-06, 0.0003042559209524726, 0.00012968374440987582, 3.3413856075453294e-06, 6.720622470344845e-05, 4.528308537675769e-06] [0.9140527844429016, 0.8232644200325012, 0.8402203321456909, 0.7542328238487244, 0.9656672477722168, 0.8588629364967346, 0.7755782008171082, 0.988584578037262, 0.960418164730072, 0.9692201614379883] Portal LAM
Itgax [0.0008985363149159018, 0.0041096275275791395, 0.0011464710132969387, 0.00987390741112695, 0.0006986838550809988, 0.00449574130580425, 0.0006983330063607176, 0.0004825391206353485, 0.0065711154496055245, 0.00107837766672234] [3.0783474445343018, 2.8564443588256836, 2.577996015548706, 2.354522705078125, 2.802699565887451, 2.897481679916382, 2.6898410320281982, 2.6214048862457275, 2.3144328594207764, 3.038912773132324] Portal LAM
