Fn1 Fibr/Hepa [-2.509674072265625, -2.348764657974243, -2.637643814086914, -2.4362728595733643, -2.4259235858917236, -2.3930604457855225, -2.244752883911133, -2.4275810718536377, -2.1841318607330322, -2.4670169353485107] [3.6910173936286387e-59, 1.9654340186587727e-56, 1.744182805553973e-62, 9.670082952458668e-57, 1.3267393667516962e-55, 7.482688822281145e-55, 1.3244430300134581e-51, 5.829119312895496e-56, 1.2178604848871636e-50, 1.2108781091036028e-54] <->markers: Fibr >= Hepa
Fn1 Fibr/Stel [-0.995945394039154, -0.8610119223594666, -1.0095446109771729, -0.9878337383270264, -1.0246204137802124, -0.8970009088516235, -0.8074320554733276, -0.7642331719398499, -0.5598319172859192, -1.1160330772399902] [1.5472662628629494e-13, 3.900340672778168e-12, 5.382846661935682e-17, 2.974010757460927e-16, 1.4647295637723937e-16, 1.3341779817167661e-15, 1.5651685629985838e-12, 3.201694362382342e-10, 2.9012743720721413e-08, 2.953847564339018e-17] <->markers: Fibr >= Stel
Cxcl12 Fibr/Stel [-1.1010595560073853, -1.0820202827453613, -0.8623089790344238, -1.2552084922790527, -1.3750113248825073, -0.9255262613296509, -1.2094885110855103, -1.2977991104125977, -1.331193447113037] [0.0002506026744693591, 0.0034404462124831225, 0.006418303923523451, 0.0005640717907994835, 1.988989131626406e-08, 0.005487912894937675, 1.5997492626530917e-05, 1.580397597523408e-05, 3.068880299260789e-05] <->markers: Fibr >= Stel
Nrxn1 Fibr/Stel [-1.5034226179122925, -1.534727692604065, -1.706719994544983, -1.5459105968475342, -1.574032187461853, -1.5107403993606567] [3.4509059700928035e-12, 1.3607164093911448e-08, 3.4052574760778113e-13, 1.432235828496267e-12, 2.828180058011329e-10, 2.6918759297692915e-13] <->markers: Fibr >= Stel
Hgf Fibr/Stel [-2.899277687072754, -2.925424098968506, -2.8766467571258545, -2.889605760574341, -3.167252779006958, -3.081550121307373, -2.9148619174957275, -3.154466152191162, -2.8015732765197754, -3.005843162536621] [7.94374576877391e-53, 5.4168226452068405e-55, 1.708765851585356e-54, 6.489959426979073e-53, 1.8799470345191243e-56, 5.99450603239607e-59, 5.3311571529425315e-56, 2.6274655697520644e-53, 2.194408970435454e-54, 3.0465352675397876e-52] <->markers: Fibr >= Stel
Reln Fibr/Stel [-3.9617762565612793, -4.2649126052856445, -4.349367618560791, -3.7931933403015137, -3.6346940994262695, -3.828089475631714, -3.5097241401672363, -3.8697049617767334, -3.6418397426605225, -3.8982553482055664] [2.5882487426877613e-64, 1.4182009505511124e-63, 1.899758554218419e-68, 1.588446066462808e-62, 5.075343988394966e-61, 2.359111546177259e-64, 1.6767873085026706e-60, 1.253863235813894e-66, 3.2942901549524847e-62, 2.2691337731341569e-66] <->markers: Fibr >= Stel
Adamtsl2 Fibr/Stel [5.187897682189941, 5.448761463165283, 5.2342963218688965, 4.753438472747803, 5.180537700653076, 4.781243801116943, 5.612015724182129, 4.946531295776367, 5.3686957359313965, 5.2856645584106445] [3.3895602634183623e-62, 3.728598196488307e-64, 6.863974051635736e-62, 1.588446066462808e-62, 3.500279525179004e-64, 1.5549338729905642e-63, 1.43243588039092e-66, 3.5725553828486745e-64, 2.040320172179353e-65, 2.873626537218421e-64] <->markers: Fibr <= Stel
Fn1 Fibr/Chol [-1.4219712018966675, -1.2691103219985962, -1.4273262023925781, -1.2282692193984985, -1.3479704856872559, -1.1611953973770142, -1.1692767143249512, -1.2817727327346802, -0.8761133551597595, -1.35233473777771] [6.69284245907424e-23, 1.3140230244858631e-19, 1.124756379793074e-23, 2.807513627647212e-17, 2.065994193069472e-21, 1.7216633056678646e-18, 7.865088315593581e-20, 7.876190792258253e-21, 2.1471327986183288e-11, 4.313578391775626e-22] <->markers: Fibr >= Chol
Sirpa Portal LAM/LSEC [2.580850839614868, 2.5984394550323486, 2.5504257678985596, 2.5006020069122314, 2.4704437255859375, 2.6156253814697266, 2.594525098800659, 2.453511953353882, 2.510100841522217, 2.4371628761291504] [2.23645985418229e-63, 1.7958541213982605e-64, 2.6597699157976834e-64, 3.8417369779524938e-62, 3.1505163237001126e-62, 8.447121980117433e-65, 4.635567768328244e-64, 9.147565443636173e-62, 2.8995603942195366e-63, 1.321326965908115e-61] <->markers: Portal LAM <= LSEC
C5ar1 Portal LAM/Kupf [2.1671788692474365, 2.3716835975646973, 2.5331506729125977, 2.2900562286376953, 2.562131643295288, 2.758694648742676, 2.4467930793762207] [3.6816299336537387e-13, 5.895149215555322e-15, 8.144544930114539e-15, 1.0351958953716653e-13, 5.970009454310212e-15, 1.1693308031965226e-15, 5.215835981330611e-15] <->markers: Portal LAM <= Kupf
Cd9 Portal LAM/Central vein [-0.47263556718826294, -0.46227970719337463, -0.44363701343536377, -0.4422502815723419, -0.432148814201355, -0.5136600732803345] [0.0006215995414067765, 0.003413396395172985, 0.0021420617176705938, 0.0012460926814763327, 0.004616764349506721, 0.0007174505196495297] <->markers: Portal LAM >= Central vein
Cd9 Portal LAM/Portal vein [-1.6092406511306763, -1.6222636699676514, -1.6263896226882935, -1.7385509014129639, -1.6895300149917603, -1.734055995941162, -1.6866458654403687, -1.7193615436553955, -1.6480432748794556, -1.6363425254821777] [3.2326798362492176e-15, 2.66838235397984e-18, 1.347881768893268e-16, 1.8263842787247957e-19, 5.020893531165424e-16, 1.5767660302628172e-21, 1.5162200723124994e-17, 8.889587902245089e-21, 1.5241891377184802e-19, 8.866346112134122e-17] <->markers: Portal LAM >= Portal vein
Cd9 Portal LAM/Chol [-0.9260981678962708, -1.1517231464385986, -1.0074561834335327, -1.1569244861602783, -0.97819983959198, -0.9514480829238892, -1.1900745630264282, -0.9267452955245972, -0.959218442440033, -1.2746574878692627] [5.547420767280765e-06, 3.799452466808119e-09, 2.440700176929198e-07, 4.875311591848403e-08, 2.242814529964479e-06, 6.049465496026089e-07, 8.860017683760579e-09, 1.0437976187039801e-07, 3.439066693796416e-06, 8.381708239456277e-11] <->markers: Portal LAM >= Chol
Spp1 Portal LAM/Chol [-4.877129077911377, -4.898969650268555, -4.860886096954346, -4.934205532073975, -4.935346603393555, -4.9348859786987305, -4.915951728820801, -4.85778284072876, -4.906814098358154, -4.884593963623047] [1.3099589272194539e-70, 5.50684201593843e-71, 2.459911568678597e-69, 7.552670345273923e-71, 1.2037028276022487e-71, 2.8031302787286517e-69, 2.7848663565343697e-72, 1.56551720321851e-67, 1.1095516336967885e-69, 3.3198006806485017e-71] <->markers: Portal LAM >= Chol
Sirpa LSEC/Kupf [-1.325740933418274, -1.281079888343811, -1.2110153436660767, -1.200382947921753, -1.2952264547348022, -1.3848637342453003, -1.4179391860961914, -1.161145806312561, -1.1741704940795898, -1.1149275302886963] [2.416441301702208e-24, 6.009925562251033e-24, 1.3248853255074893e-18, 1.5182233718225837e-21, 2.2972666566368074e-26, 1.7977085088035643e-23, 2.4256100596753433e-24, 1.6548888895748256e-19, 8.795077109251132e-18, 4.450833433630914e-19] <->markers: LSEC >= Kupf
Lhx6 LSEC/Central vein [-4.512239456176758, -4.850269317626953, -4.9156174659729, -4.690921306610107, -4.701847076416016, -4.822455406188965, -5.492905616760254, -4.536657810211182, -4.601169586181641, -4.277973651885986] [4.2323372225186246e-44, 2.6182639859708702e-45, 3.288795684896856e-45, 1.0963578344791343e-43, 1.1764169206385148e-46, 7.276888623358477e-42, 7.427594963419304e-46, 7.343143323840297e-43, 2.680753901006011e-41, 9.03378167352769e-47] <->markers: LSEC >= Central vein
Wnt9b LSEC/Central vein [-6.4700608253479, -7.249659061431885, -7.666029453277588, -6.326958656311035, -6.128078460693359, -8.939111709594727, -5.8199639320373535, -5.988559722900391, -7.95246696472168, -6.792891502380371] [2.0553735670043696e-44, 4.358398220765322e-49, 3.60380581775336e-41, 4.961180832907781e-43, 3.649706325414477e-40, 1.1329924456656508e-45, 3.9306784941231153e-41, 1.0038122528300644e-44, 1.0352819069176422e-42, 1.004455620525653e-40] <->markers: LSEC >= Central vein
Adgrg6 LSEC/Portal vein [-5.700796127319336, -7.1683244705200195, -7.057196140289307, -7.025784492492676, -6.468921184539795, -8.068120956420898, -7.217440605163574, -5.868703365325928, -7.141366004943848, -6.22182035446167] [9.626117330579247e-51, 4.603646809833109e-50, 1.6548707273048328e-49, 5.395310365309914e-46, 5.1740387767867796e-51, 3.1778617269432482e-56, 8.90379848154498e-55, 5.476795661485972e-47, 4.7408587669833357e-51, 2.6760896713067264e-45] <->markers: LSEC >= Portal vein
Cd9 Portal vein/Oth im [1.363889455795288, 1.409656286239624, 1.554895043373108, 1.2626527547836304, 1.534720778465271, 1.3183379173278809] [5.325430837131244e-15, 4.11557993095444e-14, 1.3211933137708161e-19, 3.3298975976885932e-12, 3.1853858060767626e-18, 6.518033830084255e-13] <->markers: Portal vein <= Oth im
Cd9 Chol/Oth im [0.8933488726615906, 0.7907227873802185, 0.772287130355835, 0.7660813927650452, 0.8458958864212036, 0.9566528797149658] [2.1625338379936568e-06, 1.4507485343335756e-05, 1.5081255341854928e-05, 7.287928534064242e-05, 2.868207749679717e-05, 1.5380514065242188e-07] <->markers: Chol <= Oth im
