Igfbp3 Fibr [2.542107582092285, 2.5242245197296143, 2.5708117485046387, 2.386371374130249, 2.395083427429199, 2.6428651809692383, 2.501312255859375, 2.434225559234619, 2.4913218021392822, 2.367431402206421] [4.2651241790889684e-63, 8.350354732222928e-67, 2.995556584614469e-66, 6.732814633297609e-59, 1.1368598445005998e-60, 2.9577216646542102e-64, 7.360465665600221e-67, 4.101204054324412e-56, 5.931029774036688e-61, 1.5832463946371107e-57]
Lpl Fibr [2.812835216522217, 2.8183462619781494, 2.6039609909057617, 2.7722294330596924, 2.8036415576934814, 2.7404086589813232, 2.5179240703582764, 2.6429812908172607, 2.953540563583374, 2.7035582065582275] [1.399385280607373e-42, 1.783270315591407e-42, 7.421183111979582e-37, 3.2231793314628485e-44, 9.950059846739818e-40, 2.507534861523941e-45, 7.327814175931258e-36, 6.699704600248848e-36, 3.7276236271359744e-48, 1.251015050095286e-42]
Lpl Portal LAM [0.956855833530426, 0.9773992896080017, 0.880499541759491, 1.0004125833511353, 0.9720790386199951, 0.7869248986244202, 0.9208233952522278, 0.8862043023109436, 0.9029378890991211, 1.0250494480133057] [0.0009341605688362167, 0.0009227524242878748, 0.0022434565238895845, 0.0016185983356579762, 0.0018905600571899992, 0.0057680783018360954, 0.00181653963128755, 0.0026813228890982957, 0.001522716571303008, 0.0009424136552599621]
Tmem119 Fibr [2.3963568210601807, 2.4947903156280518, 2.54258394241333, 2.5751657485961914, 2.4660868644714355, 2.3357858657836914, 2.3203747272491455, 2.384526491165161, 2.3770854473114014, 2.498297691345215] [1.1434003538432545e-21, 3.36792877312534e-24, 2.3475910154862265e-27, 7.083511947035606e-29, 7.191122121846563e-22, 3.59311755823388e-21, 1.47111364167748e-20, 9.498524210579948e-23, 2.4175356503499883e-23, 1.6576239032304085e-25]
Tmem119 Portal LAM [3.106046438217163, 3.058091878890991, 3.109250545501709, 3.0924386978149414, 3.0968716144561768, 3.1372182369232178, 3.112534761428833, 3.111737012863159, 3.075866222381592, 3.120286226272583] [1.1990758100592247e-16, 1.8617501762987353e-16, 1.0701745087533164e-16, 1.3718710693979678e-16, 1.3938408935099672e-16, 1.0466290604546374e-16, 1.3378236143980355e-16, 2.1480072595436346e-16, 1.799093974449179e-16, 1.5252416486304643e-16]
Colec11 Fibr [0.35282471776008606, 0.29059839248657227, 0.41829144954681396, 0.1641482263803482, 0.37393859028816223, 0.3440801203250885, 0.25667062401771545, 0.24663175642490387, 0.4947828948497772, 0.2906785309314728] [5.8731261599000375e-12, 1.3718095295660263e-10, 7.024332690654563e-14, 3.3565656627772253e-10, 3.839559019411296e-13, 1.0061615415242419e-11, 8.30049141167224e-11, 2.415722316446148e-10, 3.879093195380242e-14, 1.2421016407478615e-12]
Axl Fibr [0.14921386539936066, 0.24363313615322113, 0.07317015528678894, 0.0017479867674410343, 0.19634497165679932, 0.06594609469175339, 0.1792733371257782, 0.030837759375572205, 0.12638813257217407, 0.03662358596920967] [1.3942644849834242e-06, 1.3823988442788036e-09, 2.0128129594340494e-07, 6.537247294854493e-05, 1.1918575472749959e-07, 3.5995757116171756e-06, 3.665756382844816e-08, 1.2823161331271712e-05, 1.359487871031592e-06, 3.1051549338094034e-05]
Myh11 Fibr [1.0809003114700317, 1.7133049964904785, 1.7009819746017456, 1.6098169088363647, 1.413910984992981, 1.4241132736206055, 1.4394587278366089, 1.8472800254821777, 1.7405645847320557, 1.236039638519287] [0.0010824503667342421, 4.90384180949361e-05, 6.120783532121457e-07, 8.173700161658851e-06, 2.42245328433982e-06, 0.00021329653837976517, 9.030639125700451e-05, 4.83414514876891e-07, 5.6371812307566e-08, 7.519630015702883e-05]
Myh11 Portal LAM [1.7326866388320923, 1.7411423921585083, 1.7763702869415283, 1.7266476154327393, 1.7020503282546997, 1.7757982015609741, 1.6854422092437744] [0.006081962093158774, 0.005614514826803041, 0.0051610930499731734, 0.009482731306516383, 0.0057680783018360954, 0.0054077913954519745, 0.005833749404380077]
Myh11 Portal vein [2.255023717880249, 1.7360275983810425, 1.5454862117767334, 1.6902626752853394, 2.1758530139923096, 1.712013840675354, 1.857121467590332, 1.7666893005371094, 1.808607578277588, 1.9929944276809692] [1.7901610288920764e-07, 6.360990330743286e-06, 0.0011528216609518198, 2.0981327772532645e-05, 4.298694771641569e-06, 0.00036613174869389606, 7.68886985989107e-06, 2.4845496757400366e-06, 2.9051742644217298e-05, 4.593911819173094e-05]
Chil3 Fibr [1.3256138563156128, 1.308176875114441, 1.3600311279296875, 1.2967488765716553, 1.298887014389038, 1.120018720626831, 1.4026715755462646, 1.2062714099884033, 1.3159035444259644, 1.2849243879318237] [0.0031615286254323546, 0.001983798176220684, 0.0008561206569339372, 0.0007272847223902563, 0.0013658656080047617, 0.005992795964862229, 0.0013572002056171507, 0.0068540846715115285, 0.002456544770786083, 0.004302512917217655]
Gdf15 Hepa [0.7913867831230164, 0.8460803627967834, 0.5911718606948853, 0.5961208939552307, 0.9126351475715637, 0.6111968159675598, 0.8109888434410095, 0.799362063407898, 0.6523756980895996, 0.8164204359054565] [1.3715949607892181e-05, 3.697512131882606e-06, 0.001834831371011828, 9.399841265678258e-05, 2.392186359313257e-06, 0.0009152522704828304, 1.000642279539714e-06, 1.7949413311226259e-06, 2.7338368604453866e-05, 9.083941075713797e-07]
Gdf15 LSEC [0.6975051760673523, 1.0005340576171875, 0.8125205636024475, 0.9913526773452759, 0.6586153507232666, 0.9250150918960571, 0.7933839559555054, 0.8203238844871521] [0.0009575229383242516, 1.992641177380166e-06, 0.00018901574971227463, 1.985931864664116e-06, 0.0011646242687956413, 2.008359377833024e-06, 1.2227183712046137e-05, 1.6070303211804362e-06]
Mmp12 Hepa [1.5874474048614502, 1.6281189918518066, 1.1397932767868042, 1.8810887336730957, 1.286600947380066, 1.7811110019683838, 1.7609750032424927, 1.474562406539917, 1.3017338514328003, 1.5009846687316895] [0.00016582781819235998, 3.5505129774479742e-06, 0.00312281649081827, 7.41084670666739e-05, 0.0008861772486204049, 1.8844124494956363e-06, 3.677553168204379e-06, 4.713294817502136e-05, 0.001506687651274962, 0.00024139672428130022]
Cxcl12 Hepa [0.765089213848114, 1.1175439357757568, 1.2677297592163086, 0.8276132345199585, 1.2257267236709595, 1.2416406869888306, 1.0934984683990479, 1.1274832487106323] [0.005936992207464288, 1.8816828021714217e-05, 0.00011656348246960926, 0.0012119250501277283, 6.372981851467604e-05, 1.9689098751309058e-05, 0.0002944307910420096, 0.000503619944397235]
Dpt Portal LAM [1.8091888427734375, 1.8899791240692139, 1.81907320022583, 1.8660781383514404, 1.876584768295288, 1.8892080783843994, 1.8610152006149292, 1.8701804876327515, 1.947360873222351, 1.8744500875473022] [8.005647670191811e-26, 2.136465830981139e-27, 5.271228102230657e-26, 1.6062904251437947e-26, 4.7016443605868167e-26, 8.1074840191744e-27, 1.377015725611483e-26, 4.627880777187237e-26, 1.1283483277219816e-27, 1.5942754132989466e-26]
Dpt Chol [0.7544113993644714, 0.7753554582595825, 0.6907645463943481, 0.9405003190040588, 0.5561589002609253, 0.7771028280258179, 0.6536558866500854, 0.5627416968345642, 0.4053104817867279, 0.769666850566864] [4.1402780404413675e-15, 6.73573988728448e-16, 1.0418952602216132e-11, 1.6132867850725753e-16, 1.4289242415879871e-13, 4.59951254478594e-14, 4.492757506164873e-11, 3.711875305467768e-12, 1.6954944053251012e-09, 1.846133224589852e-12]
Itgax Portal LAM [1.9612746238708496, 1.7788726091384888, 1.9459809064865112, 1.9679197072982788, 1.95534086227417, 1.8642648458480835, 1.8851696252822876, 1.9523274898529053, 1.9968783855438232, 1.997662901878357] [1.8999836079062685e-17, 1.0046756027851775e-16, 1.0701745087533164e-16, 2.2542719708541748e-17, 3.04907497343562e-17, 7.159447407862787e-17, 3.2387171571098e-17, 2.2019506470060815e-17, 2.11045653557154e-17, 2.5637822804187378e-17]
F13a1 Portal LAM [5.697242259979248, 5.705315589904785, 5.676546573638916, 5.860506057739258, 5.857451915740967, 6.151185989379883, 5.654097080230713, 5.604604244232178, 5.507147312164307, 5.743757724761963] [7.361931210238914e-13, 8.070776373062062e-13, 9.273482758836334e-13, 4.535670423877922e-13, 3.533300758290205e-13, 5.264851819144689e-13, 5.573598690883459e-13, 8.644495860351295e-13, 1.22782791821925e-12, 4.985924205116818e-13]
Col1a1 Portal LAM [0.6480257511138916, 0.5958680510520935, 0.5966134667396545, 0.5557945966720581, 0.6060707569122314, 0.7074267864227295, 0.6026275753974915, 0.6503211855888367, 0.612806499004364, 0.5607039332389832] [3.3216394094387847e-12, 2.3161862681975844e-12, 4.157537425665283e-12, 1.992440305175687e-11, 3.7845126750075684e-11, 9.676837214541482e-13, 3.003318232382156e-11, 3.945611078137392e-12, 4.542738376322045e-12, 1.2814078520777996e-11]
Mgl2 Portal LAM [4.244225978851318, 5.08974027633667, 4.56553316116333, 5.1610636711120605, 4.50015926361084, 4.904137134552002, 4.837063312530518, 4.934381484985352, 4.913802623748779, 4.835157871246338] [5.382426697465784e-12, 2.1312175721305437e-12, 4.85303027556119e-12, 2.2100856590817794e-12, 5.320668748755373e-12, 3.5437757501002093e-12, 3.153311755792088e-12, 3.797293385443827e-12, 4.099290340430244e-12, 2.8639260017500096e-12]
Lilra5 Portal LAM [2.9706273078918457, 2.9627151489257812, 2.869692802429199, 3.15806245803833, 2.8574342727661133, 2.9886348247528076, 2.9660682678222656, 3.0259041786193848, 2.9534265995025635, 3.2010996341705322] [3.7145252147526494e-10, 3.272557204463506e-10, 2.932618705231287e-10, 2.2237301890327727e-10, 5.271344243902623e-10, 4.1248485424187023e-10, 2.791400851258678e-10, 2.8958418013019684e-10, 2.268431184535003e-10, 9.907375781425845e-11]
Clec10a Portal LAM [3.369079351425171, 3.504453659057617, 3.4368839263916016, 3.9774270057678223, 3.3527355194091797, 3.6084561347961426, 3.74562668800354, 3.9149272441864014, 3.6459009647369385, 3.639061689376831] [2.9834045035801097e-07, 1.1973427456275714e-07, 1.8228136471477372e-07, 1.2364048626997963e-07, 2.246157639803996e-07, 1.961290889529433e-07, 1.2918477435152238e-07, 1.0638244757469886e-07, 1.1481202976249761e-07, 1.7917869407157317e-07]
Clec9a Portal LAM [1.1650559902191162, 1.230271339416504, 0.9804161190986633, 1.0095514059066772, 0.9592251777648926, 1.0454877614974976, 1.1384035348892212, 1.0075634717941284, 1.216082215309143, 1.0551884174346924] [0.00013160031478101362, 9.979734948053458e-05, 0.0003923008741335144, 0.0003039744593661988, 0.000492494694375302, 0.00026631833551210853, 0.00023775305504455705, 0.0008981765319454907, 0.00026966392842270765, 0.00015957089821162372]
Clec9a LSEC [0.13309381902217865, 0.5972670316696167, 0.304699569940567, 0.11656294018030167, 0.22119475901126862, 0.13163399696350098, 0.3868573009967804, 0.4872856140136719, 0.5499573945999146, 0.1100180521607399] [3.1629772796598325e-05, 2.150616689833213e-08, 4.3626117676917024e-05, 4.061067391855301e-06, 4.9223363259424265e-06, 0.00010086646578841373, 4.916121093855474e-09, 1.0619933539505859e-08, 4.19825089552739e-09, 3.947582979955336e-06]
Clec9a Kupf [0.9900603294372559, 0.8784968852996826, 0.7051049470901489, 0.948562741279602, 0.8330144882202148, 0.8843415975570679, 0.9160293936729431, 1.0434870719909668, 1.1157028675079346, 0.9817343950271606] [2.5996247109573474e-17, 5.101907927322507e-18, 3.3659792648289115e-15, 5.048676030720034e-24, 8.860669567739656e-25, 5.458657069859847e-25, 8.113959233948586e-22, 4.8488322875842475e-26, 3.361076285309169e-20, 1.56765326779884e-19]
Clec9a Oth im [2.9560134410858154, 2.766493082046509, 3.1859560012817383, 3.1420376300811768, 3.132267713546753, 3.111774206161499, 2.938455581665039, 2.8616278171539307, 2.5658299922943115, 3.084411144256592] [0.00011375898902855354, 0.0027815045229661523, 2.1437019307149667e-10, 0.00013593535267962534, 2.8065618696367596e-05, 0.0002659869237934986, 0.004627405958754867, 4.9369985475903966e-05, 0.0011702929420479874, 0.001210651770851987]
Itgb7 Portal LAM [0.5592102408409119, 0.586066722869873, 0.5377247333526611, 0.5945132374763489, 0.4829285740852356, 0.5068703293800354, 0.4629182815551758, 0.37480980157852173, 0.4057357907295227, 0.39522963762283325] [0.0001487795243261807, 0.00010597606738753134, 0.0001217172872963638, 0.00016312516845011537, 0.0001340880887050611, 0.00020493168412802186, 0.0002704648891204853, 0.00037781677354274603, 0.00026966392842270765, 0.0004822640684920377]
Hgf LSEC [0.7838264107704163, 0.8614479899406433, 0.9632733464241028, 0.5979508757591248, 0.8122556209564209, 0.6673077344894409, 0.8918157815933228, 0.9977397918701172, 0.9295771718025208, 0.6957882046699524] [4.398754570184103e-17, 2.203172048941699e-18, 4.696874257033941e-21, 1.2740727314956449e-14, 3.646994591328514e-16, 4.1667111033718894e-12, 1.143970215749243e-21, 2.7856308926695334e-21, 7.467636567439286e-20, 1.5777191445358503e-14]
Ngfr LSEC [0.6643336415290833, 0.9113677144050598, 0.7213711738586426, 0.6978659629821777, 0.9412484169006348, 0.48587051033973694, 0.9069770574569702, 0.7499836683273315, 0.814213752746582, 0.7836554050445557] [6.3266649710876595e-06, 7.300841602237612e-10, 2.656165833526901e-09, 2.5738893052722776e-06, 1.3976918773272054e-13, 0.00029800092012594633, 3.3265788738915324e-15, 2.591699566578853e-08, 3.2309086966316556e-10, 2.0397640841344234e-10]
Cyp2e1 LSEC [0.47047021985054016, 0.7238364219665527, 0.6479761004447937, 0.6382520794868469, 0.7049072980880737, 0.49037328362464905, 0.6420114040374756, 0.64883953332901, 0.6968623995780945, 0.8459511399269104] [9.560362356544216e-06, 2.032953965924441e-11, 7.607014644697755e-09, 4.1550506456665893e-10, 1.7024708433188963e-10, 8.972847384203366e-06, 7.522062571288397e-09, 1.191206159314163e-08, 1.5691619009270986e-11, 4.47094023256456e-11]
Cyp2e1 B cell [0.4622616767883301, 0.28409796953201294, 0.24288125336170197, 0.08211967349052429, 0.3163875341415405, 0.21286597847938538, 0.3178841471672058, 0.25467610359191895] [2.5977715196669796e-05, 0.00020669551263013228, 0.0006567272671725718, 0.005185224666530112, 0.00039730290334365003, 0.0026451552217411065, 1.2603165053408486e-05, 0.0002862542931650994]
Cyp2e1 Central vein [1.1139156818389893, 1.0847055912017822, 1.1637846231460571, 1.1311720609664917, 1.0223057270050049, 1.2304471731185913, 1.3495564460754395, 1.3362269401550293, 1.2400128841400146, 1.2047518491744995] [5.3727590143301634e-30, 2.223604419978563e-27, 8.052338856910729e-28, 6.344624130909316e-29, 2.7780005076381994e-27, 4.274545349035424e-34, 2.619073492994267e-34, 5.643803974519726e-35, 1.1332021307997833e-31, 1.0169373802537125e-32]
Cyp2e1 Stel [0.9825055003166199, 0.6273453831672668, 0.8010263442993164, 0.5734348893165588, 0.7589602470397949, 0.8269950747489929, 0.7449983358383179, 0.9511415362358093, 0.7876384258270264, 0.8414553999900818] [8.427296543344751e-16, 3.327076282884195e-08, 3.567570143076113e-15, 1.9673299126786925e-08, 8.27080399171813e-12, 5.99466164754962e-13, 6.533006129827733e-10, 9.449746872975392e-14, 2.102060664398384e-11, 6.096718663900115e-11]
Ghr LSEC [0.2832804322242737, 0.20549218356609344, 0.1917053759098053, 0.19812068343162537, 0.24693357944488525, 0.18333841860294342, 0.20065055787563324, 0.2339177280664444, 0.1589984893798828] [0.0003624932658671921, 0.0028583321829225147, 0.003639135407369933, 0.006474553290507771, 0.0002443065206200857, 0.009974827770436774, 0.000854066444718562, 0.00020481070140992617, 0.002092406607684751]
Ghr Stel [0.1463022530078888, 0.2066468894481659, 0.10353045165538788, 0.3029748201370239, 0.11519955843687057, 0.373207688331604, 0.19672797620296478, 0.23511451482772827, 0.25695016980171204] [0.003310634414559303, 0.005246522129432203, 0.007997046189580219, 5.629076519877249e-05, 0.008737276284212414, 1.970692052502733e-06, 0.00012000989108159761, 2.7657142779412438e-05, 0.00015631959247483005]
Cd5l B cell [0.5472573637962341, 0.7740667462348938, 0.5438022613525391, 0.7814720273017883, 0.5596599578857422, 0.6588500738143921, 0.7558638453483582, 0.6579204201698303, 0.5791098475456238, 0.4763719439506531] [8.470973646857913e-11, 6.734932560255796e-13, 2.4452330832926666e-10, 7.819424499735032e-16, 8.502909456172827e-11, 6.620621527677764e-10, 3.64915245662183e-12, 1.9109941429488754e-11, 2.0543099302663573e-11, 3.8746043891039414e-11]
Clec4f B cell [0.04582074657082558, 0.5001941919326782, 0.22829246520996094, 0.33545535802841187, 0.23979522287845612, 0.3207080066204071, 0.38029423356056213, 0.1469501107931137, 0.16086824238300323, 0.18111282587051392] [2.4726484396216955e-05, 4.015476842296381e-07, 4.0267157670718886e-07, 8.718934859566212e-09, 2.4338631021741374e-07, 7.668647218918937e-08, 1.1343835905703787e-06, 5.64256439873601e-07, 9.598205622761195e-08, 2.1057910295010084e-07]
Glul Central vein [3.334606409072876, 3.270676612854004, 3.2707884311676025, 3.342935800552368, 3.124884605407715, 3.4182605743408203, 3.4102065563201904, 3.320624828338623, 3.376812696456909, 3.4207262992858887] [4.790125337942825e-89, 5.899767655634857e-87, 1.741594940947299e-79, 2.316118649553517e-93, 3.122821567164619e-81, 8.0539628337523e-96, 2.909578718006194e-90, 4.195496561921322e-93, 7.373444895558213e-93, 2.0365126480785723e-94]
Plpp1 Central vein [1.9961146116256714, 1.91792631149292, 1.8170745372772217, 1.8407423496246338, 1.7882981300354004, 1.9510029554367065, 1.8797948360443115, 1.9614143371582031, 1.9025360345840454, 1.9677330255508423] [1.439165717405559e-32, 6.379282385980305e-28, 1.910846962038012e-29, 5.048949356068457e-25, 1.9682851740757015e-27, 2.6821201581374414e-30, 1.5085291690994372e-26, 5.342836364667795e-33, 1.1332021307997833e-31, 3.3263292172523786e-32]
Plpp1 Portal vein [0.46551209688186646, 0.3730359673500061, 0.38067877292633057, 0.5320910215377808, 0.4944233000278473, 0.5839570760726929, 0.4253959655761719, 0.2809146046638489, 0.5388403534889221, 0.4027538001537323] [1.1972317424278555e-08, 1.4985802489197265e-07, 3.999229202244795e-07, 2.236108043738379e-10, 4.671607502784176e-10, 8.637464420525349e-10, 3.35669688002501e-08, 4.3753228939705285e-07, 1.1948964657401343e-09, 8.588226991363117e-08]
Hal Stel [0.27250710129737854, 0.3285617232322693, 0.39067262411117554, 0.5152722597122192, 0.3676894009113312, 0.3385663330554962, 0.496803343296051, 0.39885595440864563, 0.2500198483467102, 0.43409624695777893] [1.1609598288583493e-05, 0.0002206720503404809, 1.513769925402628e-05, 9.869270617436561e-09, 2.121650602952537e-05, 0.0002433867950750147, 2.255099104830733e-08, 1.0864324463939657e-06, 6.818812133138035e-06, 3.182627199904777e-06]
Hal Portal vein [0.7780952453613281, 0.6291207671165466, 0.8287756443023682, 0.8838574886322021, 0.655841052532196, 0.6522660255432129, 0.6691785454750061, 0.7421282529830933] [3.184948277924152e-05, 2.713875305912295e-05, 0.00019993962627675655, 3.8871546065427835e-06, 0.0006618499913510604, 0.004564879375577834, 0.00010791906706341267, 0.002196955360570197]
Cd36 Portal vein [2.2025463581085205, 2.1246352195739746, 2.4327147006988525, 2.265195369720459, 2.43542218208313, 2.165170669555664, 2.274747610092163, 2.1854653358459473, 2.2269139289855957, 2.1613693237304688] [1.9074446274526195e-35, 2.2407371277969945e-30, 3.8027697224692e-43, 4.953535428387396e-32, 1.9371365926244716e-49, 6.509696434489441e-36, 2.84076161543072e-39, 2.6773214421631693e-35, 2.8745785837643696e-35, 3.5218720972135295e-31]
Flt4 Portal vein [0.6214807033538818, 0.4422110915184021, 0.64227694272995, 0.4179964065551758, 0.6100596189498901, 0.5705855488777161, 0.5158447027206421, 0.5236781239509583, 0.44807377457618713, 0.4390884041786194] [6.933537114703709e-13, 3.012662790279269e-11, 1.2980699823663856e-13, 1.1246427646825667e-09, 2.1277360441538018e-12, 6.597631707970621e-11, 2.927297172976572e-11, 8.953940524734389e-12, 3.977448128290963e-09, 4.6164322430021266e-11]
Sds Portal vein [0.6934862732887268, 0.9877971410751343, 1.0565193891525269, 1.2400246858596802, 1.3307799100875854, 1.0998843908309937, 0.9012187123298645, 0.919321596622467, 1.0151753425598145, 0.7998751997947693] [2.7536987355167542e-06, 1.051397855201515e-06, 2.2317862760404123e-12, 2.391143187563746e-10, 5.6506017497380615e-11, 7.105715244838818e-10, 3.960535915976018e-07, 3.436576222727776e-08, 2.01870228848808e-08, 1.6158487632927945e-06]
Sds Chol [0.7668636441230774, 0.9025604724884033, 0.9089332222938538, 0.9299673438072205, 0.689166784286499, 0.7299620509147644, 0.9702850580215454, 0.7669255137443542, 0.9388394355773926, 0.678662121295929] [4.370819495459095e-06, 7.359617334048763e-10, 1.2840232038916038e-07, 5.225681736539298e-08, 2.9463628888144315e-05, 4.42617614803849e-05, 3.753655838941319e-08, 4.443477461353823e-07, 1.4600955213747338e-08, 1.2650379477838884e-06]
Adgrg6 Chol [0.31928491592407227, 0.15796838700771332, 0.24938039481639862, 0.24845068156719208, 0.31725504994392395, 0.11494901031255722, 0.24542617797851562] [0.0006765061223510336, 0.007851916895870718, 0.0004694020215233357, 0.0004204324521373399, 0.002057802091459676, 0.008362961196372686, 0.005394032828920264]
Cd3e Oth im [5.555610179901123, 5.526791572570801, 5.447259426116943, 5.592869281768799, 5.417973518371582, 5.243460655212402, 5.402706146240234, 5.525763034820557, 5.741438865661621, 5.380554676055908] [1.3750563102664816e-44, 1.612798161155541e-40, 5.608175891473427e-37, 5.2573330204681325e-50, 5.518925921988638e-40, 3.3292573299421074e-32, 2.896742506877071e-41, 9.734857982048812e-52, 1.1055020020693939e-52, 2.1914862448741313e-42]
Xcr1 Oth im [4.237105369567871, 4.488018035888672, 4.895214080810547, 4.488576889038086, 4.4391937255859375, 4.954229831695557, 3.751141309738159, 4.162464618682861, 4.472831726074219, 4.601813793182373] [0.0005248690038731888, 0.002555555724489346, 7.890458560132578e-07, 0.0003605526926477278, 0.0008000491150451297, 0.0005146005233309898, 0.0060805159778214045, 0.00043824631359126606, 0.002173841109463378, 0.0015531906105960712]
Sept3 Oth im [3.5065059661865234, 3.961594581604004, 3.9308252334594727, 3.996692180633545, 4.08248233795166, 3.8931236267089844, 3.3318393230438232, 3.8976922035217285] [0.003246839472398372, 1.3068918143723848e-05, 0.0016730837934347755, 0.0007547464987128525, 0.001307362333482173, 0.007603834932015545, 0.00305097922320529, 0.002764602857266706]
Pck1 Chol [0.5738211274147034, 0.6364428997039795, 0.66843181848526, 0.5755140781402588, 0.5409741997718811, 0.63148033618927, 0.5372601747512817] [1.3711795841626074e-05, 1.619086480294414e-06, 4.461247262910395e-05, 4.067170224319479e-05, 0.0007450495483746343, 1.2785376222913807e-05, 4.368944903474716e-05]
