Tmem119 Fibr [2.5365049839019775, 2.422755479812622, 2.550179958343506, 2.4211695194244385, 2.49586820602417, 2.4795660972595215, 2.586337089538574, 2.5387706756591797, 2.5371358394622803, 2.4178004264831543] [3.096242656822436e-29, 3.4344495556827225e-24, 1.0274029560125014e-27, 6.737264654758864e-26, 3.1233641621497873e-26, 5.3276376899851825e-28, 4.3763134249192585e-31, 2.9989722814871904e-28, 5.032023270512567e-30, 1.133071586305937e-25]
Tmem119 Portal LAM [2.9040322303771973, 2.9379634857177734, 2.874974250793457, 2.889190673828125, 2.907761335372925, 2.832273244857788, 2.815462827682495, 2.8584041595458984, 2.8713066577911377, 2.944453716278076] [3.0415523810689295e-13, 2.756856083914353e-13, 2.0405972203486346e-13, 2.731532212209121e-13, 2.397097368289372e-13, 3.943468291785543e-13, 9.693216442849367e-13, 3.941824419908167e-13, 4.4442187529158673e-13, 4.2594740026570045e-13]
Myh11 Fibr [1.8218740224838257, 1.9164559841156006, 1.603302001953125, 1.7859388589859009, 1.883057713508606, 1.6465448141098022, 1.8229924440383911, 1.8712974786758423, 1.9748843908309937, 1.749820590019226] [1.537502561076256e-13, 1.3687331224583159e-13, 5.852310981211628e-10, 2.437238172042e-11, 1.3018580373476234e-11, 1.9760004623433032e-10, 1.080140386921818e-12, 5.473518937912472e-14, 3.0388940070427358e-12, 2.896554792682882e-11]
Myh11 Portal vein [1.9199793338775635, 2.352653741836548, 2.134505271911621, 1.7992432117462158, 1.9713300466537476, 2.2728614807128906, 2.448335647583008, 2.1286447048187256, 2.1239824295043945, 2.1710448265075684] [2.974812548516445e-05, 2.2672386000057854e-09, 1.2845784009960016e-09, 5.2031800943039e-07, 2.6022094535542893e-09, 1.0252913265768573e-08, 1.95579371662712e-11, 5.5359987775730925e-08, 1.180630946185779e-10, 8.549871636710159e-09]
Chil3 Fibr [2.052424192428589, 1.8836811780929565, 1.900691032409668, 1.8144924640655518, 1.9443788528442383, 1.9810644388198853, 1.7890375852584839, 1.9110748767852783, 1.7246992588043213, 1.840857982635498] [1.6971673540371576e-06, 3.643705753952566e-05, 6.022352511087161e-06, 0.0001451932896850229, 1.091870334979237e-05, 3.148743654751892e-06, 0.0001348854465614607, 0.00015813057613167186, 9.94433588418358e-05, 6.652905154003489e-06]
Acta2 Fibr [1.5389431715011597, 1.8180575370788574, 1.5940707921981812, 1.801194667816162, 1.9130595922470093, 1.565157413482666, 1.8057137727737427, 1.8527286052703857, 2.016631841659546, 2.1323275566101074] [0.0004980709716266169, 0.0005603493891785159, 0.004635205521852907, 0.0025627913553398457, 0.0005768543012199777, 0.003644409877851845, 0.0013432910476284523, 0.0004825919680181234, 0.0005041718352148449, 0.0007291402940723176]
Acta2 Portal vein [2.4514873027801514, 2.6778783798217773, 2.2599592208862305, 2.2012360095977783, 2.4262752532958984, 2.5915889739990234, 2.552053689956665, 2.4039411544799805, 2.518160343170166, 2.1647825241088867] [7.594329643515564e-05, 1.5129976223627738e-05, 0.0003162715770891981, 0.00034136190183088594, 0.0003509398612377443, 0.00025518214355664634, 2.853354348287254e-05, 0.00043392499105256914, 4.070837710027864e-05, 0.0015946744370476094]
Hal Hepa [1.9336915016174316, 1.7661198377609253, 1.9327623844146729, 1.8635013103485107, 1.9652482271194458, 2.02789044380188, 1.8551063537597656, 1.9720557928085327, 1.9402809143066406, 1.8769218921661377] [9.984911287461878e-33, 1.6485555401584455e-27, 3.6665915235744377e-34, 7.531088372837891e-26, 7.889224320240135e-40, 1.0040086512867621e-40, 5.995918556155623e-35, 1.9297365925012596e-36, 2.337990798284928e-37, 3.0649274966791307e-33]
Hal Stel [0.402757465839386, 0.4428679049015045, 0.45102426409721375, 0.2150469869375229, 0.23808975517749786, 0.23971062898635864, 0.39471080899238586, 0.2667265236377716, 0.23409543931484222, 0.45401856303215027] [8.695206170890545e-09, 1.1538321254145285e-07, 7.823812545131743e-10, 2.6623838699324633e-05, 0.0002322209039454775, 1.7809006523400602e-06, 2.7856246324010107e-08, 5.051492270867615e-07, 0.00048809928781103773, 6.436937135422733e-08]
Hal Portal vein [0.5031246542930603, 0.5437790155410767, 0.6256093382835388, 0.7518203854560852, 0.6277076005935669, 0.6395824551582336, 0.6098993420600891, 0.7660189270973206, 0.7662991881370544, 0.8182908892631531] [0.0012920915810791266, 0.0015337821160468406, 0.0008697383346807149, 1.9290837920199162e-07, 0.00013976883945970332, 7.57129518190309e-05, 0.0004215177661537274, 2.3824348782330115e-06, 1.834910066388318e-07, 4.5812904741570564e-07]
Sds Hepa [1.982752799987793, 1.9468220472335815, 2.2328131198883057, 2.0436317920684814, 2.257188081741333, 2.3052005767822266, 2.1920955181121826, 2.068584680557251, 2.0862560272216797, 2.0305633544921875] [1.3166413520514542e-25, 6.982969194970437e-20, 1.769247952602751e-31, 2.1902746748941072e-23, 8.69850274481609e-31, 8.719472050843391e-38, 8.629224105298829e-33, 6.47162134489682e-26, 8.165086733209484e-26, 3.203620290038152e-28]
Sds Portal vein [0.8815044164657593, 0.9941285848617554, 0.8365992307662964, 0.942472517490387, 0.8470759391784668, 0.9332264065742493, 1.0024566650390625, 1.1015570163726807, 1.1582056283950806, 1.2097604274749756] [2.5623715457740705e-09, 3.7585035171125015e-13, 1.613173771367519e-08, 1.7586583383692082e-10, 7.086243770881081e-10, 3.3977942490574935e-10, 3.6038484918887005e-09, 5.5136020722905825e-14, 1.688118396429276e-14, 6.019914268562691e-13]
Sds Chol [0.771896243095398, 0.5674053430557251, 0.5924319624900818, 0.6192821860313416, 0.45341986417770386, 0.5219667553901672, 0.5320953130722046, 0.5380162000656128, 0.6381130218505859, 0.45382875204086304] [6.108288088096687e-11, 4.133603612383718e-06, 3.4215448319111317e-09, 3.428045774682882e-09, 8.204340931946653e-05, 1.1551362050532586e-07, 3.647242297479149e-06, 7.193845207970652e-07, 1.4482316174804423e-07, 8.39633703792749e-05]
Gls2 Hepa [1.2784796953201294, 1.0973459482192993, 1.257700800895691, 1.2875947952270508, 1.420640230178833, 1.4548346996307373, 1.6021474599838257, 1.421602487564087, 1.253657341003418, 1.3184776306152344] [1.6221371220039469e-13, 5.031215952595285e-13, 3.1234343341286405e-14, 7.639974666585275e-18, 2.2725985000352677e-22, 1.575463759882793e-20, 7.68877608605037e-26, 7.387127073818149e-20, 4.92070641564429e-16, 7.94904925911326e-16]
Gls2 Portal vein [0.6753484010696411, 0.5647540092468262, 0.7269013524055481, 0.578007161617279, 0.6151918768882751, 0.7912761569023132, 0.522491991519928] [0.0005994912561979216, 0.00920023520590393, 0.0002478443767231827, 0.004664370073884433, 0.004356748004202812, 4.070837710027864e-05, 0.009080321721935585]
Cyp2e1 Hepa [1.401610016822815, 1.3718173503875732, 1.222654938697815, 1.4714001417160034, 1.217677116394043, 1.1251451969146729, 1.2239028215408325, 1.3408101797103882, 1.3735514879226685, 1.3025404214859009] [2.919048928025645e-12, 3.0904955768481898e-12, 1.5336465980198345e-07, 4.342158103955409e-16, 1.654905573510902e-08, 5.380534229708582e-06, 2.056967841488393e-08, 5.598958524536165e-12, 1.2660263678523315e-12, 3.085502427741883e-09]
Cyp2e1 LSEC [0.09830520302057266, 0.5024117827415466, 0.22992455959320068, 0.06493310630321503, 0.27242112159729004, 0.42749422788619995, 0.19970662891864777, 0.11336715519428253, 0.2143852859735489, 0.29284989833831787] [0.0004020908433135941, 2.503594608394476e-10, 5.8695166515921365e-05, 0.0034291090325342917, 7.017096373516616e-06, 1.4252233762885387e-07, 6.285667313008188e-05, 0.0006938261973126446, 1.806862141970736e-05, 2.1631597412052215e-06]
Cyp2e1 Stel [0.5963023900985718, 0.48402518033981323, 0.5709011554718018, 0.6370384693145752, 0.5856045484542847, 0.5907087922096252, 0.5096060037612915, 0.634428858757019, 0.5786752104759216, 0.4831944704055786] [2.831435436812415e-11, 6.4073037601329824e-12, 8.49581293676891e-12, 3.7602942691837116e-14, 2.1385645137583653e-13, 7.942790836007895e-12, 7.085645741676024e-11, 1.4603219990430975e-14, 7.626672030027089e-13, 2.769160307773359e-10]
Cyp2e1 Central vein [2.505180835723877, 2.440870761871338, 2.5432345867156982, 2.530543327331543, 2.6462037563323975, 2.4323294162750244, 2.5395681858062744, 2.399275541305542, 2.4324398040771484, 2.492020606994629] [6.565366201137257e-103, 1.4396649573680368e-100, 4.501219838390669e-103, 1.2666791908789178e-102, 2.3424496325372282e-108, 6.29555134909762e-97, 3.938483397610505e-101, 1.939877123549941e-91, 3.2609250449253177e-99, 6.199479161103461e-98]
Gdf15 Hepa [0.7502684593200684, 0.6855977773666382, 0.5969390869140625, 0.9902554154396057, 0.7481927871704102, 0.8872774839401245, 0.7706201672554016, 1.0729644298553467, 0.7719910740852356, 0.8498345017433167] [3.4392616022921674e-10, 1.3613371129555084e-07, 6.97234357146843e-06, 3.313602314999949e-14, 8.8572749453026e-07, 4.5850344232600014e-07, 3.3171626796685997e-09, 7.331254850165211e-12, 1.7945782006137214e-08, 3.5425030073853872e-09]
Gdf15 LSEC [0.9276703000068665, 0.7696496844291687, 1.088568925857544, 0.8679621815681458, 0.9510012865066528, 0.8005046248435974, 0.6058188676834106, 0.7715944647789001, 0.8134927153587341, 0.6986117362976074] [2.212795930719272e-06, 3.5775748816394893e-07, 7.78977776210078e-10, 2.2620086315347156e-06, 5.739392410346775e-09, 0.00025915515562597766, 0.0004502518338009297, 2.0824844290815584e-05, 1.682522771644568e-07, 1.012312435612045e-05]
Mmp12 Hepa [1.8503243923187256, 1.4833308458328247, 1.8055524826049805, 1.742775559425354, 1.656890869140625, 1.7914541959762573, 1.8282909393310547, 1.9080138206481934, 1.6213481426239014, 1.7602152824401855] [7.881947225741854e-08, 1.1590270610611909e-05, 2.8178337716396646e-07, 2.018400099679109e-07, 8.322009517043227e-08, 1.5108195485717288e-07, 2.745402284930194e-07, 2.446149652076982e-08, 9.511725108103807e-09, 1.4836029737469155e-06]
Ngfr Hepa [0.3133275508880615, 0.2922026515007019, 0.1618136763572693, 0.35735055804252625, 0.26863130927085876, 0.28215864300727844, 0.2598823010921478, 0.5055293440818787, 0.2810063362121582, 0.3904379606246948] [5.9670157271705095e-05, 0.00023148631231425566, 0.005477938363668728, 4.051400988811054e-06, 0.0006987614284474812, 2.3539116020327896e-05, 0.00015737491880975796, 7.516063449019438e-11, 0.00012653596574592815, 1.4734773433504547e-05]
Ngfr LSEC [0.8619998693466187, 0.8218809962272644, 0.9314733147621155, 0.8182531595230103, 0.9144936203956604, 0.929407000541687, 0.9139429330825806, 0.8676736354827881, 0.9752570390701294, 0.7249178290367126] [2.4672934787747734e-12, 6.059117687219412e-15, 5.269588127335493e-16, 6.360128218290876e-13, 3.680732002528058e-16, 4.274334152150256e-15, 4.157189891281026e-20, 2.3525329740980655e-14, 1.8002130820706946e-19, 1.272310625761699e-12]
Ngfr B cell [0.4038987159729004, 0.3764251172542572, 0.47776031494140625, 0.4757249057292938, 0.4573694169521332, 0.6159448623657227, 0.44932037591934204] [0.002049491761187511, 0.005619070438463728, 0.0031052087845466793, 0.005355687937297338, 0.0009374333106671187, 4.274170768899991e-06, 0.004727214570873033]
Ngfr Stel [0.9181791543960571, 1.0339072942733765, 0.9324847459793091, 0.8704712986946106, 0.8558868765830994, 0.839610755443573, 0.9839613437652588, 0.8313655257225037, 0.9346028566360474, 0.9475272297859192] [3.414122105113433e-23, 2.2470736585180195e-26, 7.714473419633885e-29, 2.934899022778317e-23, 3.835420829226572e-21, 5.548920707827578e-21, 5.488889829146673e-27, 1.2374005624473376e-21, 1.0348326740315821e-26, 1.8749985833476973e-27]
Itgax Portal LAM [1.9305325746536255, 1.987266182899475, 2.0723941326141357, 1.9040815830230713, 1.8342546224594116, 1.8516013622283936, 1.9109300374984741, 1.9728317260742188, 1.8519978523254395, 1.9446650743484497] [8.218548004331152e-23, 1.137097814507618e-23, 1.9016532341152627e-23, 6.989619705630964e-23, 1.35323373465448e-22, 9.827700465990675e-23, 9.455521814297132e-23, 7.43716173235238e-24, 3.004628157456028e-23, 2.7641965115527353e-23]
Dpt Portal LAM [1.5288314819335938, 1.5636121034622192, 1.5850735902786255, 1.5630807876586914, 1.5878329277038574, 1.604089379310608, 1.5790742635726929, 1.5723775625228882, 1.5617414712905884, 1.597292184829712] [1.0810639098937125e-19, 3.197923709203896e-20, 2.6535742696415107e-20, 6.948903192120143e-20, 1.141818249712608e-20, 2.2864176880477343e-20, 2.51572962847201e-20, 4.043687815904639e-20, 1.0531784831657848e-19, 3.324888964732383e-20]
Dpt Chol [1.1588833332061768, 1.1085306406021118, 0.9329323172569275, 1.1586387157440186, 1.110275387763977, 1.0028965473175049, 0.9975025653839111, 1.0568615198135376, 0.9952175617218018, 1.0131415128707886] [4.181856939255774e-31, 8.692995846218118e-33, 9.177244786306361e-29, 9.493748806165444e-35, 3.014751826431618e-30, 1.6958032900233073e-28, 4.0278211309417215e-28, 6.106625613829196e-27, 8.846528055264751e-29, 4.828481084627202e-29]
Col1a1 Portal LAM [0.5699394345283508, 0.5687398910522461, 0.558375895023346, 0.5557120442390442, 0.5183394551277161, 0.542781412601471, 0.604237973690033, 0.600046694278717, 0.555176317691803, 0.5481404066085815] [2.4603534653498736e-11, 1.3067927405034758e-11, 2.536167997816515e-11, 5.600422591087332e-11, 6.67288898349344e-11, 1.3820180537511018e-11, 1.839556877752771e-11, 1.203950052639326e-11, 9.995031234561705e-12, 6.625617505616487e-11]
Col1a1 Chol [0.16021442413330078, 0.07965933531522751, 0.18739117681980133, 0.045764096081256866, 0.1561158001422882, 0.0385148748755455, 0.1124265268445015, 0.20516341924667358] [5.240129107539137e-08, 6.009635076957489e-08, 6.77973435188165e-11, 3.0331416484770814e-10, 8.947370353441482e-08, 1.03370545772754e-06, 1.626323412295447e-08, 8.985058205184219e-10]
Mgl2 Portal LAM [4.817858695983887, 3.746178388595581, 4.267077922821045, 4.160857200622559, 4.264960289001465, 4.830733299255371, 4.176737308502197, 4.548578262329102, 4.381170749664307, 4.692755699157715] [3.857612608411499e-10, 7.567867720476745e-10, 8.948059737891608e-10, 8.23603603599567e-10, 1.1834706676516412e-09, 6.104643384128436e-10, 5.666019258739004e-10, 4.2555645572221936e-10, 9.666936161136514e-10, 6.64590294927148e-10]
F13a1 Portal LAM [5.382544040679932, 5.245115280151367, 5.523982048034668, 5.269773960113525, 5.346073150634766, 5.219210624694824, 5.329321384429932, 5.484346866607666, 4.990474224090576, 5.196508884429932] [8.046413769236372e-10, 1.1037701214954655e-09, 6.874954074017218e-10, 6.371939319330928e-10, 9.599393917740268e-10, 6.104643384128436e-10, 6.545779938491141e-10, 6.012704458546335e-10, 9.666936161136514e-10, 6.859002581876286e-10]
Lilra5 Portal LAM [2.6048505306243896, 2.518594741821289, 2.3888237476348877, 2.628251314163208, 2.556133508682251, 2.460759401321411, 2.60768461227417, 2.4747474193573, 2.4444243907928467, 2.4585306644439697] [1.9543129445631617e-08, 1.651402528446352e-08, 4.1727664307958555e-08, 1.1146030399927654e-08, 1.7592784133872857e-08, 1.7900245149040665e-08, 8.535866600619778e-09, 5.3635854977433376e-08, 3.6400364219646025e-08, 3.7057313157874933e-08]
Clec9a Portal LAM [1.2712994813919067, 1.2971487045288086, 1.321864366531372, 1.0124143362045288, 1.2937504053115845, 1.4470852613449097, 1.3253141641616821, 1.0610613822937012, 1.3771060705184937, 1.2155404090881348] [5.740988169178601e-07, 2.3938728291859586e-07, 6.651095876430887e-07, 2.1946505201485463e-06, 2.657916895918391e-07, 1.7756600190298704e-07, 1.938058807698546e-07, 5.035465092742579e-06, 3.0619531353207954e-07, 3.130735550412231e-07]
Clec9a LSEC [0.4865865707397461, 0.05074252188205719, 0.6264163255691528, 0.37818318605422974, 0.44874200224876404, 0.25970765948295593, 0.13056881725788116, 0.4876979887485504, 0.4720160663127899, 0.3918687105178833] [1.0209161477903881e-11, 5.90012752440329e-06, 2.438639712964934e-12, 3.184978085789593e-11, 1.1304635867688488e-08, 4.760710447273271e-09, 1.1894685722459295e-05, 4.150056829985678e-12, 2.5481163378413063e-09, 1.951934938109159e-10]
Clec9a Kupf [1.0734913349151611, 0.9907566905021667, 1.0531283617019653, 0.7591331005096436, 0.8927637338638306, 1.1732800006866455, 0.9851598739624023, 0.7824219465255737, 1.1203428506851196, 0.6943700909614563] [1.6294748771989855e-27, 1.9319312277333615e-31, 4.06868794704875e-27, 1.1749979298957554e-28, 1.014366216869171e-23, 3.599977231650195e-27, 8.751962952069138e-28, 1.9206907280843292e-31, 1.5054937056536764e-28, 1.6172668395703181e-21]
Clec9a Oth im [2.6540019512176514, 2.9019055366516113, 2.5370771884918213, 3.0658934116363525, 2.7967522144317627, 2.5485832691192627, 2.7514145374298096, 2.9906868934631348, 2.4758641719818115, 2.9955997467041016] [0.0054564587185382514, 5.84002717313563e-06, 0.002402311029438471, 6.059813691303801e-07, 6.922154296302997e-05, 0.0003065218491601573, 0.0004170078660488784, 4.4130015533351e-06, 0.007242220318477587, 3.092456005176963e-07]
Clec10a Portal LAM [3.25103759765625, 3.0315325260162354, 3.2575106620788574, 3.187122106552124, 2.8996222019195557, 3.2364938259124756, 3.1362364292144775, 3.174182415008545, 3.1564133167266846, 3.1321210861206055] [3.114268350128511e-05, 3.871391319512957e-05, 2.0698043525913733e-05, 4.2055552174030894e-05, 4.35806103170408e-05, 2.8122734858975076e-05, 3.568842666334251e-05, 2.6830688515945974e-05, 3.7814820217920866e-05, 3.2658666816238285e-05]
Itgb7 Portal LAM [0.19797156751155853, 0.30669525265693665, 0.30121809244155884, 0.22219990193843842, 0.25727564096450806, 0.22684842348098755, 0.2258465737104416, 0.3225240707397461, 0.12164457142353058, 0.22216267883777618] [0.0014408289882643437, 0.0006376827521969592, 0.0007158126866964279, 0.0013997320634683717, 0.0007819163506627358, 0.001538710339773475, 0.0008303289141020055, 0.0006943501331123828, 0.0034976581458280166, 0.0014280005338964067]
Wnt2 LSEC [2.085322618484497, 2.072460651397705, 1.8912067413330078, 2.1591737270355225, 2.0374505519866943, 1.9085955619812012, 1.9138599634170532, 1.8863235712051392, 1.9164880514144897, 1.9380770921707153] [1.3333015984885089e-14, 2.831150753145107e-15, 6.329639703102866e-12, 1.5003937287276742e-12, 1.2201141574170276e-11, 1.240704979320103e-10, 8.843966142934272e-10, 6.569598105988242e-14, 1.2733239709484414e-10, 4.06681772467424e-09]
Pck1 LSEC [0.007197434548288584, 0.07203167676925659, 0.12038670480251312, 0.16499285399913788, 0.06997863948345184, 0.09299671649932861, 0.0421917624771595, 0.07403303682804108, 0.1271674782037735] [0.00010832122736991575, 7.287677405188489e-06, 1.9809507559062502e-06, 2.882702430514502e-07, 4.7853194844450715e-06, 4.289532989886988e-06, 1.3286804345728829e-05, 8.293479368753224e-06, 2.684487129820295e-06]
Ghr LSEC [0.2194204032421112, 0.36457380652427673, 0.24489615857601166, 0.2846401333808899, 0.25053852796554565, 0.20461851358413696, 0.19969651103019714, 0.14129702746868134, 0.3514508605003357, 0.3884914517402649] [0.00011262909583494185, 1.4018900165259846e-07, 7.379231309200207e-06, 0.000354041944742236, 0.00011144510433579269, 6.536539305787352e-05, 6.285667313008188e-05, 0.0016349142390285321, 2.0493998449895696e-07, 7.425324208255801e-07]
Ghr Stel [0.172411248087883, 0.19558240473270416, 0.1305701732635498, 0.268947958946228, 0.11374462395906448, 0.236685648560524, 0.19927428662776947, 0.21596024930477142, 0.16296036541461945, 0.2916058599948883] [0.002945012690851833, 0.0008762152201728982, 0.0028805572589769768, 3.563112951631712e-05, 0.009767983725317389, 0.00020354241430460446, 1.8461096985005498e-05, 0.00010970357913524878, 0.004670353075387672, 1.1540467669938999e-05]
Cd5l B cell [0.6386121511459351, 0.6240977644920349, 0.7179000377655029, 0.5629297494888306, 0.704954206943512, 0.6487943530082703, 0.691480278968811, 0.8116536140441895, 0.7474757432937622, 0.7374704480171204] [3.255935348790491e-14, 1.1871733054627967e-16, 1.0030214512557775e-16, 6.1462540215009034e-15, 1.188525199539149e-18, 4.255015186455299e-14, 7.635863080645119e-16, 1.818267532304544e-17, 6.152591418964434e-18, 2.7133475266093975e-16]
Clec4f B cell [0.29508355259895325, 0.13597705960273743, 0.33286863565444946, 0.16684706509113312, 0.3281221091747284, 0.22477227449417114, 0.21496397256851196, 0.4249768853187561, 0.24683032929897308, 0.3223116099834442] [3.843170207874292e-10, 2.55673702878674e-09, 4.675810324294135e-12, 3.0302338933895628e-09, 7.401763986815493e-12, 2.551983650092212e-08, 6.303094682745112e-09, 1.7338082870595704e-12, 1.6171388092641147e-10, 6.714953647111825e-10]
Vsig4 B cell [0.5738192200660706, 0.3550322949886322, 0.5484653115272522, 0.4388542175292969, 0.40492749214172363, 0.4327506124973297, 0.46372246742248535, 0.44459936022758484, 0.6369780898094177] [4.245801766500078e-05, 0.002875725762901371, 0.00013177532040002508, 0.001780296291451512, 0.007312806854948313, 0.006771323040901194, 0.0005567887536039251, 0.00045330692031946576, 0.000362818470845661]
Igfbp3 Stel [1.7946796417236328, 1.7355756759643555, 2.023719072341919, 1.9007840156555176, 1.8059357404708862, 1.8649011850357056, 1.8059558868408203, 1.8906904458999634, 1.8984935283660889, 1.93938148021698] [1.7450418766513778e-69, 1.148687363680484e-58, 2.335936604314233e-76, 1.8859010252433212e-72, 5.9168123495432e-63, 6.625868315110519e-66, 1.9786668017194197e-72, 1.1757170034118259e-64, 5.6424889464332816e-73, 1.7771654416468182e-75]
Rspo3 Stel [1.4463614225387573, 1.429000973701477, 1.366841435432434, 1.4373700618743896, 1.6996780633926392, 1.4304746389389038, 1.5280969142913818, 1.2765098810195923, 1.761417269706726, 1.5324478149414062] [7.534890831850706e-11, 2.3231290750218967e-10, 6.52052231874031e-09, 2.481151052690501e-10, 1.5891582893851649e-12, 7.786251089846255e-13, 3.996897269618058e-11, 9.043215160943976e-13, 6.751044534818813e-16, 5.171451625517854e-14]
Spon2 Stel [1.7608498334884644, 2.0664353370666504, 1.6893284320831299, 1.793074607849121, 1.926513671875, 2.1055238246917725, 1.7991528511047363, 1.9421499967575073] [0.004951074181441848, 0.0024867659272497424, 0.0026019525803590697, 0.00560106262216641, 0.0012651523240667035, 6.339399936121361e-05, 0.00114004136938205, 0.00016269483623227677]
Cd36 Portal vein [2.3274264335632324, 2.30530047416687, 2.2096879482269287, 2.219698190689087, 2.2302823066711426, 2.3620827198028564, 2.4710395336151123, 2.2652907371520996, 2.168034553527832, 2.354386329650879] [1.0996431227489511e-50, 2.806869806465813e-51, 1.1714200317492326e-50, 8.3216102304309e-50, 6.499528000659676e-47, 5.1611815469378535e-49, 3.74739623710039e-53, 6.128829057201367e-50, 2.484859385040989e-47, 1.6320277423196355e-54]
Adamtsl2 Chol [0.4573253095149994, 0.23749937117099762, 0.16377052664756775, 0.4906351864337921, 0.48587384819984436, 0.4268663227558136, 0.14987121522426605, 0.23307260870933533, 0.4149875044822693, 0.3130815029144287] [2.027264633079244e-09, 4.344283545811078e-06, 3.4193584645812344e-06, 4.95131777399695e-10, 8.038444355269297e-09, 1.5446542258050998e-09, 3.13676437546847e-06, 1.1600169018116942e-07, 6.483891282665274e-06, 3.7951036207732953e-07]
Cd3e Oth im [5.423238277435303, 5.450135707855225, 5.607340335845947, 5.532292366027832, 5.159345626831055, 5.412274360656738, 5.78180456161499, 5.476090908050537, 5.645707607269287, 5.581384181976318] [2.140404596402806e-58, 1.0991722179502978e-62, 2.121886557058581e-67, 7.5546894049042e-57, 1.830149719793809e-51, 2.871348701425915e-58, 1.809420765971372e-62, 1.3014733754154802e-57, 3.941000292985214e-64, 2.988786593624908e-65]
Sept3 Oth im [3.6527791023254395, 3.778290271759033, 3.566602945327759, 3.963651418685913, 3.486646890640259, 3.534803867340088, 3.823312997817993, 3.8467509746551514, 3.4867424964904785] [0.0001255570737023304, 0.0009156995436108879, 0.0035147353179596553, 3.500522815982478e-05, 0.00911270266229423, 0.0020757721891395053, 0.0001553450007349691, 0.0015581586391644419, 0.00042063894662579054]
Xcr1 Oth im [4.544994354248047, 4.478366374969482, 4.505711555480957, 5.026162624359131, 4.75046443939209, 4.4910993576049805, 4.944808006286621, 4.4974260330200195, 4.939952850341797] [0.0008881245734853433, 0.0003037326767898335, 0.0025460903588971967, 7.21735209415261e-05, 0.0006091523616230255, 0.00021246869358939368, 9.435105582081615e-06, 0.0015581586391644419, 3.163922234147955e-05]
Itgae Oth im [2.9273533821105957, 2.995642900466919, 3.0113794803619385, 3.082765579223633, 2.861818790435791, 3.315117359161377, 2.952932834625244] [0.00914346280895667, 0.006514583178503, 0.005474784340605237, 0.0009788940291139325, 0.006236379286727128, 0.000782968846163086, 0.006622131033744313]
Fn1 LSEC [0.09541399776935577, 0.04418047145009041, 0.12591828405857086, 0.0837637335062027, 0.019736267626285553, 0.18631891906261444, 0.031209612265229225, 0.1913488358259201, 0.11477344483137131] [0.001709810033995032, 0.0076927532217870775, 0.0013030797225452454, 0.000568374889434076, 0.007145910401440514, 1.3892206090758188e-05, 0.0038693532885754945, 5.0723627902108805e-06, 0.004156272581378756]
Cd209a Oth im [4.515830993652344, 4.292698383331299, 4.5039215087890625, 4.7861738204956055, 4.279854774475098, 4.616511821746826, 3.9919350147247314, 4.579658508300781, 4.714267730712891] [0.0007201044450214889, 0.006483020485219909, 0.005359485330982058, 6.922154296302997e-05, 0.00911270266229423, 0.0007339658028318613, 0.008010619233801352, 0.0041381166826111905, 0.0010916189640183297]
