Mmp12 Hepa [1.4115203619003296, 1.597021222114563, 1.7430856227874756, 1.6167877912521362, 1.339676022529602, 1.685861587524414, 1.5079368352890015, 1.652372121810913, 1.6556323766708374, 1.5604513883590698] [1.674130530976742e-11, 9.151170381344905e-14, 3.2516859888698033e-18, 2.984757510647671e-13, 2.2100371911495248e-10, 1.120584676635086e-12, 1.4482115556247325e-11, 3.3810628404781093e-13, 2.6521956550157422e-14, 2.2733332791487845e-14]
Gdf15 Hepa [0.5735167860984802, 0.598175585269928, 0.628343939781189, 0.5813602805137634, 0.7611221075057983, 0.4864932596683502, 0.7180609703063965, 0.6675748229026794, 0.7948917150497437, 0.642250120639801] [2.6306516276990064e-11, 6.171693235986043e-10, 2.1379770744878672e-14, 1.5755753930792573e-12, 1.3430938035060171e-14, 7.057235318687508e-11, 1.4565815180722954e-14, 9.996225264284169e-15, 4.118627184560842e-20, 1.3890455735487322e-14]
Gdf15 Endo [0.6395219564437866, 0.5312000513076782, 0.6266034841537476, 0.596482515335083, 0.7262151837348938, 0.7020463347434998, 0.612687885761261, 0.4913884103298187, 0.5750873684883118, 0.47442513704299927] [7.821406986210474e-09, 1.5864059775091383e-06, 6.412043111733229e-07, 7.92166638436773e-07, 8.483949491165999e-14, 1.2277802809176748e-10, 5.713418872347918e-10, 1.8747588784945859e-06, 5.019611716491902e-08, 5.224200250111838e-05]
Lgr5 Hepa [3.4820220470428467, 3.6423933506011963, 3.958167791366577, 3.081043004989624, 3.385590076446533, 3.6470165252685547, 4.182284355163574, 3.3633482456207275, 3.8346641063690186, 3.2802016735076904] [0.00019326480345771747, 0.00012091554051900228, 0.0006413318837516031, 0.001480683080294051, 0.0005160260832731806, 9.751552652191163e-05, 8.394163911774085e-06, 0.00012493790727830586, 8.15094733065987e-05, 0.00221001487595252]
Clec9a Kupf [0.8952197432518005, 0.8181673884391785, 1.0145028829574585, 0.8896087408065796, 0.9632929563522339, 0.8876100778579712, 0.7916939854621887, 0.6890454292297363, 0.8394256830215454, 0.7493097186088562] [6.581798139889893e-64, 3.2510771578121113e-62, 3.6227045607229843e-72, 1.6503487092372164e-70, 3.0331219009109004e-65, 6.61003414621226e-62, 7.662141257092404e-68, 3.2462539974520155e-62, 4.922832920021211e-66, 5.102978880332479e-63]
Clec9a Oth im [2.7034685611724854, 2.9151742458343506, 2.7534339427948, 2.7660419940948486, 2.671229362487793, 2.7587835788726807, 2.9319684505462646, 3.1191933155059814, 2.917353868484497, 2.9826581478118896] [1.9079745632471214e-08, 9.349235093193913e-14, 3.205309477009856e-10, 9.365386611604124e-08, 1.1648222796638663e-08, 1.6699153022135382e-10, 2.7239400383134473e-11, 1.3924475844209651e-14, 2.495503402809493e-10, 8.916741963641486e-12]
Clec9a Endo [0.16832320392131805, 0.07984278351068497, 0.11586066335439682, 0.15503527224063873, 0.025913316756486893, 0.009930193424224854] [1.064793638260826e-17, 4.883386810176828e-15, 2.0067007337379307e-13, 8.229913843267449e-15, 1.954522662561915e-13, 8.000007984222524e-15]
Dpt Chol [2.321957588195801, 2.415863037109375, 2.2582149505615234, 2.445723295211792, 2.502187967300415, 2.2313578128814697, 2.3435137271881104, 2.418445348739624, 2.3252906799316406, 2.36788272857666] [9.710645947319898e-137, 8.5116844603666295e-137, 8.320096220780329e-134, 1.006363256850624e-142, 7.078323104393322e-149, 1.5718496052236935e-130, 1.2393110912568157e-137, 4.4353108223353695e-142, 1.5227427285414934e-140, 9.479986816174566e-140]
Dpt Oth im [0.9964815974235535, 1.0236475467681885, 1.1121541261672974, 0.9057149291038513, 0.9292649030685425, 1.1529860496520996, 1.054732084274292, 1.0832500457763672, 1.001265048980713, 1.0589767694473267] [4.351023316808163e-06, 2.1788433794322954e-05, 4.41302253822186e-06, 0.00022896306951350056, 0.00040826966240340785, 1.3608699229275464e-07, 1.0557140489943805e-05, 3.8762290740493494e-07, 7.548472256918234e-05, 2.2899930717087677e-05]
Col1a1 Chol [1.216709017753601, 1.3001857995986938, 1.3261876106262207, 1.3359824419021606, 1.414245843887329, 1.185659408569336, 1.3168705701828003, 1.3471759557724, 1.3696832656860352, 1.4171160459518433] [7.13106879729825e-59, 4.028110887672728e-58, 1.3161544119706857e-61, 2.647677334748718e-61, 1.6426363037102706e-61, 2.596565343278785e-59, 1.0905002792388206e-60, 5.933610712339432e-59, 1.6445239911832345e-61, 3.318347038235489e-61]
Col1a1 Strom [2.1771233081817627, 2.1191999912261963, 2.079659938812256, 2.087989568710327, 2.1437265872955322, 2.188554525375366, 2.1558761596679688, 2.072397232055664, 2.1194167137145996, 2.0515592098236084] [3.985551012099615e-36, 6.314087347925501e-41, 2.44369806943353e-31, 9.208546554903435e-36, 7.650752611383352e-39, 1.9411658858810066e-42, 8.409385821085235e-39, 2.3998213521402507e-36, 4.6881253814109464e-42, 6.2962837936084135e-31]
Col1a1 Oth im [0.8744953274726868, 0.8233658671379089, 0.8560822010040283, 0.8491054177284241, 0.711754322052002, 0.794774055480957, 0.7580289840698242, 0.8701739311218262, 0.8044053316116333, 0.8002464771270752] [9.531376237901501e-07, 0.00011655800577967332, 1.0068191236689317e-07, 1.1808184638033979e-05, 0.00017040564452273942, 1.0917704416230295e-06, 3.62834248074705e-06, 1.0193382556250985e-07, 5.223226793442227e-06, 2.1633358710218912e-07]
Adamtsl2 Chol [1.9116028547286987, 1.750533938407898, 1.8807265758514404, 1.7950434684753418, 1.9653123617172241, 1.7624385356903076, 1.9362598657608032, 2.0665934085845947, 1.9203709363937378, 2.020739793777466] [8.981212347533997e-40, 4.198144980769818e-37, 8.263020599508187e-38, 2.2784756859152055e-41, 4.895038762865802e-42, 1.605076086756832e-38, 1.963683898282576e-39, 1.0842832092283907e-42, 2.2517083772887754e-41, 4.001785020351461e-40]
Sirpa Chol [0.0924040898680687, 0.06958798319101334, 0.007098697591573, 0.04666302725672722, 0.1029297336935997, 0.04640363156795502, 0.05855973809957504, 0.05746658891439438, 0.07272972166538239] [8.286228610212596e-18, 2.3333440811338933e-16, 1.6267657473077637e-14, 9.11933451861497e-16, 9.99381206869167e-18, 1.1868004949632855e-14, 5.335023386440614e-18, 5.4458104117538324e-17, 6.049369166114053e-17]
Sirpa Oth im [0.6986056566238403, 0.696564793586731, 0.7047421336174011, 0.6098603010177612, 0.7481839060783386, 0.6978349089622498, 0.7305461168289185, 0.7676030993461609, 0.7003286480903625] [0.00011554190879360058, 0.001198108505898452, 0.00023914591250224528, 0.0025492351749264986, 0.00019753605729014195, 0.00010266113153271414, 0.0004899332082622684, 4.872905267932423e-06, 0.0017718139930755418]
Sirpa Endo [0.030043620616197586, 0.09463082253932953, 0.08734451234340668, 0.04334302619099617, 0.06418688595294952, 0.0011349389096722007] [9.360051362483403e-14, 2.735082287337614e-17, 2.5227121157783426e-16, 3.536822409294346e-15, 8.408627663770919e-15, 8.316791629287717e-15]
Cx3cr1 Chol [1.2569122314453125, 1.1921520233154297, 1.1840405464172363, 1.3124785423278809, 1.3952903747558594, 1.2579585313796997, 1.2632710933685303, 1.36806321144104, 1.345320224761963, 1.2281831502914429] [1.631088656422531e-14, 1.3630318241246871e-14, 6.778952229146118e-17, 1.0182183939958685e-15, 4.061762349913568e-16, 4.342315224769253e-16, 5.567245922557755e-16, 2.5004482379410934e-16, 1.509563440985019e-18, 4.470268123718315e-16]
Cx3cr1 Oth im [3.13014554977417, 3.224799633026123, 2.974059820175171, 3.0088322162628174, 3.054664134979248, 3.0654022693634033, 3.0791263580322266, 3.0574827194213867, 2.887707233428955, 3.122474193572998] [5.162396982180008e-15, 2.0251671373584357e-12, 9.706658138213928e-14, 1.0174021277571396e-10, 1.3260518852210435e-11, 1.4327619027189442e-14, 2.1712254345199737e-13, 1.9219454373875818e-11, 1.9096145052496437e-11, 1.5100765012942003e-14]
Sds Chol [0.3328894376754761, 0.2870887815952301, 0.4143235981464386, 0.29460614919662476, 0.33222508430480957, 0.37838366627693176, 0.36821436882019043, 0.37101295590400696, 0.2937460243701935, 0.313237726688385] [3.012250187851601e-10, 4.7691483654410235e-08, 1.284697660203614e-10, 6.2889797940833966e-09, 2.567177348791262e-09, 5.66762721949165e-11, 9.933033802799183e-11, 3.265208794952645e-12, 9.402671460511069e-09, 6.523163286232995e-10]
Igfbp3 Chol [0.17213933169841766, 0.24892233312129974, 0.208749920129776, 0.18815574049949646, 0.147932767868042, 0.24857130646705627, 0.13761091232299805, 0.12927968800067902, 0.16848087310791016, 0.2579677999019623] [8.547628554891792e-10, 1.3372152892324304e-12, 3.708352305280796e-11, 1.6487425861831162e-10, 1.695042827823226e-11, 2.886351066478484e-12, 1.4326470319158856e-10, 2.5329367540277484e-11, 2.7992239090106057e-12, 1.957415902236527e-10]
Mfap4 Chol [1.912412405014038, 1.9540554285049438, 2.2117385864257812, 2.017335891723633, 2.254685640335083, 2.0647380352020264, 2.1770026683807373, 2.153109550476074, 1.8630903959274292, 2.1030025482177734] [3.303661806278214e-09, 2.551163441727227e-09, 1.1687202603741004e-10, 7.938877562273204e-10, 4.5428818401282753e-10, 2.541418918502656e-09, 2.7589209936543094e-10, 2.730423582310915e-10, 9.089575568231552e-09, 1.2590733250087963e-09]
Vwf Chol [0.8703018426895142, 0.5870571136474609, 0.8169748187065125, 0.5928924679756165, 0.7714673280715942, 0.5847756862640381, 0.7040519118309021, 0.4980841875076294, 0.828214168548584, 0.9056406617164612] [2.137533983528311e-06, 5.6427142398728605e-05, 0.00012313404404727758, 2.2544171531384894e-05, 4.8797071549985785e-06, 7.53529192258128e-05, 8.42067411262803e-06, 0.000371780719423243, 1.1324060233771987e-05, 2.2269151284403912e-05]
Gja5 Chol [1.91597318649292, 1.4965370893478394, 1.47804594039917, 1.4078446626663208, 1.6783190965652466, 1.4162429571151733, 1.4620702266693115, 1.6700769662857056, 1.4652880430221558, 1.9009628295898438] [8.37935638110752e-06, 9.2806676283086e-05, 3.771633567360858e-05, 1.7448457605888644e-05, 0.0001303882063297028, 0.00021378579895944643, 7.196562238396226e-06, 9.688028483622505e-06, 2.9168904518239306e-05, 2.6529123999280582e-06]
Spon2 Chol [1.434550404548645, 1.642203450202942, 1.5801535844802856, 1.3271327018737793, 1.2990965843200684, 1.4586621522903442, 1.7078399658203125, 1.4690607786178589, 1.7062214612960815, 1.5237653255462646] [0.00023083794459536963, 2.732613193461e-05, 0.00012313404404727758, 0.00159993631352169, 0.0003257515251461269, 0.00023800004626837315, 9.715824125366968e-06, 0.0001772640552984103, 6.745106942804463e-06, 0.0002139458076323239]
Spon2 Strom [2.274566173553467, 1.8592976331710815, 2.044861078262329, 1.9804880619049072, 2.313196897506714, 1.9463893175125122, 1.9386568069458008, 1.8129208087921143, 1.768282175064087, 1.9435198307037354] [3.44267894662281e-09, 1.9508020342619763e-06, 1.2013268913942685e-06, 3.8198189718241086e-06, 3.917757213043589e-08, 2.870872859111907e-06, 1.664004103203296e-07, 2.252415282834899e-06, 2.0116006873768754e-05, 6.987408752278699e-07]
Myh11 Chol [0.15135911107063293, 0.1319933831691742, 0.10198277235031128, 0.05087326839566231, 0.09899794310331345, 0.04314727708697319, 0.12188057601451874, 0.010485272854566574] [0.0005750295188089917, 0.0006958093359803302, 0.0009456127824484517, 0.0008556008379295138, 0.0005298589154195507, 0.0003624104963439511, 0.0001772640552984103, 0.0018181965063484037]
Myh11 Strom [3.081666946411133, 2.899289846420288, 2.8003807067871094, 3.0439391136169434, 2.977412462234497, 3.319185495376587, 3.2783620357513428, 2.8960907459259033, 3.239081382751465, 3.168358087539673] [5.472295820176731e-19, 1.992783656414564e-20, 1.9284347331707105e-16, 1.802060007291037e-19, 3.8605882937371467e-22, 3.375322021396462e-23, 7.578907130644704e-20, 2.1602523389046722e-17, 1.455023055648535e-24, 6.538098375919209e-22]
Cyp2e1 Strom [0.2909325957298279, 0.3512096107006073, 0.25245532393455505, 0.3158964216709137, 0.2782953977584839, 0.19466714560985565, 0.3065126836299896, 0.2970123887062073, 0.23084506392478943, 0.2581189274787903] [5.707175187496032e-12, 4.562893544825835e-12, 3.186317063437431e-10, 2.1479970771942796e-12, 5.2020611505380105e-11, 2.6440228201644667e-08, 6.908200432388261e-11, 2.0903918051649978e-11, 6.2676297008807866e-09, 5.547119774033311e-09]
Cyp2e1 Endo [0.3960961699485779, 0.38435694575309753, 0.4345453381538391, 0.5387121438980103, 0.46364712715148926, 0.45422372221946716, 0.35550767183303833, 0.41588664054870605, 0.4524480402469635, 0.5242366194725037] [5.561122049955842e-14, 1.4745298813396256e-12, 2.713864220812199e-16, 1.6502567111201007e-20, 4.9376376419555883e-17, 9.968546907138641e-19, 2.1335801647346256e-12, 1.013673944894657e-15, 1.481288921529767e-16, 4.221613018966785e-22]
Ngfr Strom [0.386892706155777, 0.35975131392478943, 0.3135601282119751, 0.3461339771747589, 0.3815392851829529, 0.3512119948863983, 0.3721216320991516, 0.3523057997226715, 0.33542534708976746, 0.3625381588935852] [9.630420878694285e-12, 7.551231079469085e-12, 2.732511450863802e-09, 2.0789651133149018e-10, 3.1991955092800898e-12, 7.519224375344298e-09, 1.412662348474506e-12, 2.0903918051649978e-11, 3.885063154433001e-09, 2.4840524834286912e-11]
Ngfr Endo [0.5575651526451111, 0.6657966375350952, 0.47360268235206604, 0.5778276324272156, 0.6517525315284729, 0.58775794506073, 0.5908927917480469, 0.568365216255188, 0.6163511276245117, 0.5756853818893433] [2.59287512166285e-13, 5.925922337834349e-21, 7.868135792179585e-11, 4.1488824384665976e-16, 2.4644197276787924e-22, 1.455999462016808e-16, 7.943465906701508e-19, 2.292778626167079e-15, 1.5842241925387147e-16, 5.573673337706792e-17]
Tmem119 Strom [1.885878562927246, 1.9938361644744873, 1.838201880455017, 1.944445013999939, 1.8375529050827026, 2.070232391357422, 1.9746540784835815, 1.804112195968628, 2.0671546459198, 1.6778955459594727] [4.539323898399951e-05, 2.314205808893005e-05, 3.3457059930588875e-05, 1.1471221327962714e-05, 0.00012831462743342982, 4.934251478429988e-07, 0.0001549089398574041, 8.45559194481437e-05, 7.751689314786629e-06, 0.0005994307785194377]
Cd3e Oth im [5.929335117340088, 5.862768173217773, 5.832815647125244, 5.738982200622559, 5.760782718658447, 5.832188129425049, 5.815829753875732, 5.864482879638672, 5.9228129386901855, 5.768677711486816] [5.853056408304394e-145, 1.342044166711162e-150, 1.1849463640486608e-152, 3.337019911258296e-134, 4.772092233019654e-161, 6.325535563322953e-150, 1.2071530986910659e-148, 1.4865711891540061e-152, 1.003371796380097e-142, 4.407076275527031e-139]
Axl Oth im [0.674611508846283, 0.6139434576034546, 0.6465004682540894, 0.5119416117668152, 0.5763543844223022, 0.5780608654022217, 0.5905343890190125, 0.5786130428314209, 0.595380961894989, 0.6202211976051331] [4.595807729750762e-11, 1.952595084692687e-14, 3.8316430682122313e-14, 1.947510531589417e-09, 2.309072569958058e-11, 1.6424857671698484e-09, 4.87008827767886e-12, 1.2016152244801482e-12, 2.709053476109067e-12, 1.0737254654514872e-12]
Cd209a Oth im [4.492400169372559, 4.506727695465088, 4.679305076599121, 4.453027725219727, 4.660158634185791, 4.495408535003662, 4.554754734039307, 4.309351444244385, 4.684919834136963, 4.8754801750183105] [8.186380052594298e-08, 4.602945299915056e-06, 2.0091154076182288e-07, 1.5444107873760496e-06, 1.0824040548939004e-06, 1.0917704416230295e-06, 1.1238334417009714e-06, 2.389550454415989e-05, 8.87602719869007e-07, 2.0187567061422355e-07]
Xcr1 Oth im [4.528202056884766, 4.73807954788208, 4.617676258087158, 4.695920944213867, 4.3688201904296875, 4.694660186767578, 4.657466411590576, 4.9004387855529785, 4.662094593048096, 4.866044521331787] [2.0812426961869943e-07, 8.796452128648579e-10, 1.6557094588684686e-10, 6.128727376896977e-07, 2.1908349314297426e-07, 5.397750768196888e-09, 1.4981115991402537e-08, 8.417844192897523e-11, 5.215800276714736e-09, 4.022332619660674e-09]
Sept3 Oth im [3.736654043197632, 3.9218029975891113, 3.885309934616089, 3.5596511363983154, 3.315443754196167, 3.7284369468688965, 3.926270008087158, 3.6905624866485596, 3.721198081970215, 3.7773995399475098] [4.0160831877139536e-06, 3.875790065602408e-08, 2.497566077705343e-08, 4.079300576537781e-06, 1.0364989177324414e-06, 4.535435646064573e-07, 1.9143761445594952e-08, 2.120961049034901e-08, 8.075625076266558e-10, 6.327212494692994e-07]
Itgae Oth im [2.9688682556152344, 3.354494333267212, 3.1571052074432373, 2.9967870712280273, 2.9445388317108154, 3.0156478881835938, 3.2047321796417236, 3.4314630031585693, 3.3609278202056885, 3.3590333461761475] [5.709445173745171e-05, 8.986986865037202e-09, 1.2606416296768382e-06, 9.131688215881037e-06, 8.588587261163004e-07, 1.5891055493495964e-06, 2.760624060256732e-07, 2.3044715712067738e-10, 1.288226930509411e-08, 4.378088559140982e-08]
Glul Oth im [0.3439706265926361, 0.299601286649704, 0.24867400527000427, 0.2777290344238281, 0.20709337294101715, 0.19383440911769867, 0.3282795250415802, 0.34094637632369995] [0.0005259183857196695, 0.002566155125660334, 2.9592869260814113e-06, 0.00015502406291353565, 0.0012095105646382043, 0.0010126511654941774, 0.004665680108118602, 2.9169200136409142e-05]
Glul Endo [0.780423104763031, 0.6922364830970764, 0.852224588394165, 0.9524343013763428, 0.9029297828674316, 0.6445319652557373, 0.7007209658622742, 0.7742699384689331, 0.6940590143203735, 0.5759888291358948] [6.166806694944798e-25, 7.475386011914901e-28, 1.1541754210876963e-24, 6.113907316199514e-32, 4.904043186956538e-29, 5.3613554979226243e-20, 1.1265194852478002e-25, 1.4408608667083056e-22, 3.5235084919851713e-26, 4.652638962334835e-23]
Clec10a Oth im [2.558274984359741, 3.1511528491973877, 2.739790439605713, 2.953852891921997, 3.235797882080078, 3.3197238445281982, 2.9230458736419678, 3.2994608879089355, 3.319587230682373, 3.033186435699463] [0.002415590172436403, 0.0011958244539661295, 0.0029457974655469977, 0.007241783593524513, 0.0033207324654326255, 0.000547738569816862, 0.0014938371805888072, 0.0010126511654941774, 0.0004683919180021264, 0.006072077410652787]
Adgre1 Oth im [0.2213086485862732, 0.3280700147151947, 0.18623125553131104, 0.07296159118413925, 0.25433406233787537, 0.24172604084014893, 0.19892215728759766] [0.004646110569641087, 0.00014674584717455148, 0.0020793714282033035, 0.005401647997386437, 0.0008612627093996594, 0.0008685832487825889, 0.007039868063224915]
Lhx6 Endo [3.5678064823150635, 3.8742568492889404, 3.585927724838257, 4.08336877822876, 3.4982287883758545, 3.769435167312622, 3.7210566997528076, 3.879228115081787, 3.846021890640259, 3.3958749771118164] [1.624123385690105e-05, 2.2810813426408767e-05, 0.00029098182386104373, 2.3823195782379485e-07, 0.00018754814871118453, 1.0502640541596881e-06, 2.3677795040876714e-05, 1.9065456151194285e-05, 7.512993876590994e-05, 0.0016464146235972278]
Cd5l B cell [0.1086965799331665, 0.11232548207044601, 0.1432785838842392, 0.12080516666173935, 0.12301015108823776, 0.10776951909065247, 0.13115257024765015, 0.17251989245414734, 0.13425226509571075, 0.1299319863319397] [5.044474735642238e-15, 5.1101168446299525e-15, 1.442984520704191e-15, 2.2912602080010314e-14, 5.097935784982673e-15, 7.946730688209928e-15, 1.6109112026314837e-15, 3.9694454191696594e-16, 7.624623504126826e-16, 6.866413212155123e-15]
