Dcn Meso/Fibr [-1.3442139625549316, -1.297910213470459, -1.3711124658584595, -1.3979610204696655, -1.298967719078064, -1.3434569835662842, -1.3756673336029053, -1.2473374605178833, -1.1510554552078247, -1.309678554534912] [5.252060850478813e-14, 3.3181992332884995e-13, 1.440255880689185e-13, 3.787086840635444e-14, 8.19781424822923e-13, 1.0610074194907462e-14, 2.229605315161195e-14, 1.658646424802461e-12, 1.0893367253481205e-11, 4.804033069758178e-13] <->markers: Meso >= Fibr
Dcn Meso/Stel [-2.945894956588745, -2.891894578933716, -3.0678844451904297, -2.980165481567383, -3.0158658027648926, -2.972653865814209, -3.0274875164031982, -3.1657633781433105, -3.0381863117218018, -3.0193443298339844] [2.366021852060346e-42, 2.563720915478596e-42, 3.23182721696028e-43, 1.5520653106048553e-44, 1.7512192541177076e-43, 4.553528801564138e-43, 2.72540281111618e-43, 3.767333846458558e-45, 1.8638885020026593e-44, 2.1974467523007558e-44] <->markers: Meso >= Stel
Fn1 Hepa/Fibr [2.526322364807129, 2.3236849308013916, 2.28775954246521, 2.428410291671753, 2.3739428520202637, 2.2910523414611816, 2.340298652648926, 2.4922914505004883, 2.5929129123687744, 2.480745315551758] [1.3805611167088042e-40, 3.289185807770351e-36, 1.2852287074425627e-36, 1.3812641919065788e-41, 1.1772823887955928e-38, 1.0740878920673223e-39, 1.1506465464677364e-39, 4.239315327724296e-41, 1.0103007121616232e-38, 2.3443127606777785e-42] <->markers: Hepa <= Fibr
Lpl Kupf/Fibr [-2.326185703277588, -1.6398649215698242, -1.8234679698944092, -1.835178017616272, -2.1403918266296387, -1.8473268747329712, -1.7395342588424683, -1.9824960231781006] [3.803599110583423e-15, 1.656263674091188e-09, 3.247485618792763e-11, 1.5243109608336886e-13, 7.093906088753419e-14, 6.881392174066106e-11, 3.1807692329618048e-12, 3.1992584321941765e-14] <->markers: Kupf >= Fibr
Cd36 Kupf/LSEC [-3.984497308731079, -3.212804079055786, -3.3206400871276855, -3.1967971324920654, -3.4618093967437744, -3.3539090156555176, -3.1835293769836426, -3.2470450401306152, -3.3922247886657715, -3.235316276550293] [1.1109955200759521e-24, 1.2536436826745048e-24, 2.041205879034362e-18, 4.853419861750121e-19, 2.257810886164427e-22, 7.203064670491765e-22, 1.4951599126238563e-20, 3.438757658263572e-21, 2.172457661318848e-22, 5.344725453917368e-19] <->markers: Kupf >= LSEC
Stab2 Kupf/LSEC [-5.232710838317871, -5.665647029876709, -5.780343532562256, -5.441945552825928, -5.640130519866943, -5.68753719329834, -5.472368240356445, -5.510348320007324, -5.669318675994873, -6.270129203796387] [1.0960962617130786e-48, 8.29102654751551e-49, 1.590381607349108e-48, 5.653797081888337e-45, 8.29102654751551e-49, 2.2711686197390037e-46, 5.530378295870435e-49, 9.765586130296362e-49, 1.9459260435082e-49, 2.709389737895924e-47] <->markers: Kupf >= LSEC
Rspo3 Fibr/Central vein [-6.37047815322876, -6.148406028747559, -6.205160617828369, -5.9114179611206055, -5.669555187225342, -6.514194011688232, -5.873032569885254, -5.643214702606201, -6.0963263511657715, -5.547432899475098] [3.3738498723209114e-31, 2.4913542000775125e-27, 3.6829127139670096e-29, 2.5877431269745936e-30, 1.1065071882889257e-27, 6.6412436918796915e-28, 2.404175835412792e-27, 5.131523299553716e-31, 2.7537364580676905e-30, 3.9977582980184536e-30] <->markers: Fibr >= Central vein
Lpl Fibr/Stel [3.7591593265533447, 3.1585795879364014, 2.7230310440063477, 3.1260881423950195, 3.042783498764038, 3.3677921295166016, 3.8884189128875732, 3.512005567550659, 3.044771909713745, 3.4127159118652344] [1.9378184205845748e-21, 3.900107206185497e-16, 3.366299413898172e-14, 1.5444960559792707e-19, 4.193886760464075e-16, 1.4955479366991922e-21, 4.8784304701277846e-21, 2.7245357656079544e-17, 2.60426596469844e-19, 2.064002996050482e-21] <->markers: Fibr <= Stel
Rspo3 Fibr/Stel [-3.157961368560791, -3.1681535243988037, -3.415663003921509, -2.59623122215271, -3.3106799125671387, -4.019722938537598, -3.1343533992767334, -2.8305792808532715, -3.59462308883667, -3.0088939666748047] [0.0025862990409086305, 0.0012519330388869332, 0.000315633967913001, 0.007391211237187115, 4.653951961732364e-07, 1.2369541063038739e-06, 0.0003469850435416357, 0.00013031522312001407, 9.027696494806613e-07, 4.674686179960992e-05] <->markers: Fibr >= Stel
Fn1 Fibr/Stel [-0.983279824256897, -0.81325364112854, -0.4867079257965088, -1.0101683139801025, -0.7694422602653503, -0.6453146934509277, -0.8288843035697937, -0.8107051849365234, -0.9076196551322937, -0.9709177017211914] [3.395861885503579e-09, 4.097253831903722e-07, 0.0010335050440647984, 9.707308845297122e-10, 6.853363910735902e-07, 0.0001083201280842563, 2.712614405992316e-07, 2.077477138427036e-07, 2.4475858505809303e-09, 5.296462744851852e-08] <->markers: Fibr >= Stel
Reln Fibr/Stel [-3.8187296390533447, -3.90177845954895, -3.728431224822998, -3.5738449096679688, -3.772843599319458, -4.167065620422363, -3.6225626468658447, -3.7165462970733643, -3.9126174449920654, -3.6183221340179443] [1.4144209970262722e-38, 6.183039687517325e-41, 1.2562254573268066e-40, 7.902343884585166e-41, 8.090145127445926e-43, 2.094942065979851e-43, 4.925955792796616e-40, 1.9454960031663392e-39, 4.9810011759577205e-43, 1.495908917904656e-40] <->markers: Fibr >= Stel
Adamtsl2 Fibr/Stel [5.641050815582275, 5.044086456298828, 5.168422698974609, 5.41490364074707, 5.939007759094238, 5.657437801361084, 5.467278957366943, 5.699208736419678, 5.621955394744873, 5.417726039886475] [6.293736656716717e-43, 2.042596920128194e-42, 3.0067483929064646e-43, 2.9900005988651625e-45, 2.8226409239891667e-43, 1.2889303718578309e-42, 5.499363632152409e-43, 1.5262665232739052e-43, 1.097149884138673e-42, 2.057398095309577e-43] <->markers: Fibr <= Stel
Fn1 Fibr/Chol [-0.9977125525474548, -0.9527444839477539, -0.964182436466217, -1.12923264503479, -0.878728449344635, -0.7361337542533875, -0.7866226434707642, -0.999853253364563, -1.2704182863235474, -0.9541352391242981] [3.6819163796791177e-09, 6.333107992495578e-09, 1.7629969278557854e-07, 4.65525529404053e-10, 4.309677756889353e-09, 3.302045473040378e-05, 2.8423161535166267e-05, 1.1170790877119039e-08, 1.8230294767785431e-13, 4.5152372692336805e-08] <->markers: Fibr >= Chol
Cd9 LSEC/Central vein [-1.6609668731689453, -1.053602695465088, -0.9891394972801208, -1.1231894493103027, -1.501746416091919, -0.9950311779975891, -1.1940562725067139, -0.94282066822052, -1.5706312656402588, -1.200383186340332] [3.565371791093511e-07, 0.007431675008358188, 0.0009143295510233476, 4.2276220633638766e-05, 2.9767232991682196e-05, 0.0015592597972080553, 3.877593722787865e-05, 0.0005988222686398729, 7.30508648861764e-05, 5.589007534853287e-05] <->markers: LSEC >= Central vein
Cd9 LSEC/Chol [-2.3397629261016846, -1.9016830921173096, -1.7364479303359985, -1.6136484146118164, -2.3568015098571777, -2.005608320236206, -1.9710195064544678, -1.6096880435943604, -2.262202262878418, -1.991002082824707] [1.479727925608192e-13, 6.450561528399019e-09, 3.0777952106563168e-09, 8.963520100926004e-10, 9.500722771183028e-16, 7.79792668902246e-14, 4.335750332327789e-11, 6.106535563526325e-10, 2.6028170623471714e-09, 1.5091113273918172e-12] <->markers: LSEC >= Chol
Cd9 Central vein/Portal vein [0.5286427736282349, 0.14173763990402222, 0.2532652020454407, 0.17166054248809814, 0.4687312841415405, 0.4759264588356018, 0.047326721251010895] [2.3935995249188225e-05, 0.006111274589278039, 0.00373293562519724, 0.0074547160371572175, 1.2788992611575829e-05, 0.0023626706657350056, 0.005603313532458238] <->markers: Central vein <= Portal vein
Vwf Central vein/Portal vein [1.8929320573806763, 1.8850834369659424, 1.677148699760437, 1.7640995979309082, 2.239366292953491, 2.1152901649475098, 1.7516952753067017] [1.5911306172186806e-11, 3.886137514174893e-12, 2.6368065652799247e-10, 3.6079219732676533e-09, 3.128342564205494e-12, 2.7891794251645274e-13, 1.0478814682646718e-10] <->markers: Central vein <= Portal vein
Cd9 Portal vein/Chol [-1.2074387073516846, -0.9898179769515991, -1.0005736351013184, -0.7028946280479431, -1.0267157554626465, -1.059415578842163, -1.2456943988800049, -1.1427937746047974, -1.163486361503601, -0.8379455804824829] [3.440730001689462e-10, 6.347508128265877e-08, 2.677595347073618e-07, 4.391234800417973e-05, 1.1313043112771795e-09, 2.0703905257032695e-09, 4.6272244323278607e-10, 3.443674569463824e-08, 6.726068636683981e-06, 1.2485636107965977e-07] <->markers: Portal vein >= Chol
