Dpt Meso [0.493015319108963, 0.5046547055244446, 0.5038185715675354, 0.4601867198944092, 0.4243972897529602, 0.5070260763168335, 0.44008758664131165, 0.49530863761901855, 0.5319597125053406, 0.5649221539497375] [5.613396271659275e-09, 1.628927600450744e-09, 2.148522902196832e-09, 7.701901390857312e-09, 2.8560880461573817e-09, 2.5521447398961837e-09, 1.4581219510640693e-09, 1.1991501763480693e-09, 1.2863790574330514e-09, 1.2324801260768e-09]
Dpt Chol [1.2560659646987915, 1.2425979375839233, 0.9892098307609558, 1.1157435178756714, 1.1549288034439087, 0.8780840635299683, 1.2151901721954346, 1.0225505828857422, 1.1429575681686401, 1.1100496053695679] [9.761669111305298e-15, 1.2991850466535167e-14, 1.2639896843908494e-10, 3.2881178824934234e-13, 2.9610544139666076e-16, 6.004351855343838e-09, 1.083268567325278e-13, 1.9786548882923062e-10, 5.725976159928477e-13, 6.603024054585269e-13]
Adamtsl2 Meso [0.3645949959754944, 0.452694833278656, 0.36710307002067566, 0.29808878898620605, 0.3588583469390869, 0.40571901202201843, 0.45942702889442444, 0.3210642635822296, 0.3014059364795685, 0.37841153144836426] [3.375231231101102e-07, 2.337725702367785e-07, 3.6903407569895653e-07, 7.807949477403125e-07, 4.769418017089229e-07, 2.3482487302150527e-07, 2.32129385396869e-07, 8.466703039730161e-07, 3.636426340921386e-07, 3.001326762617319e-07]
Glul Meso [0.6061992645263672, 0.553852379322052, 0.5849540829658508, 0.6421778798103333, 0.5996513962745667, 0.5730248689651489, 0.5243525505065918, 0.5905328989028931, 0.5330217480659485] [0.0021026024430652033, 0.003553311326316657, 0.002526229356112274, 0.0020119556928474684, 0.002444872700548341, 0.003950825841365361, 0.002274988714793492, 0.003278907538818911, 0.006824384052780557]
Glul Central vein [2.168961524963379, 2.029742956161499, 2.0994150638580322, 2.2543721199035645, 2.3234522342681885, 2.4284849166870117, 2.250521421432495, 2.0835511684417725, 2.1288719177246094, 2.077871322631836] [5.709622946111173e-33, 2.9736244709934114e-36, 3.069234818526586e-39, 2.935834012006337e-42, 1.3817118392822167e-39, 3.2007835780546836e-42, 1.061242139473021e-39, 5.089298737956679e-38, 1.5248303855525905e-37, 3.4625143916059697e-35]
Mmp12 Hepa [1.8776204586029053, 2.146108627319336, 1.5162588357925415, 1.8525563478469849, 2.1627840995788574, 1.8479838371276855, 1.7766797542572021, 2.010213613510132] [0.007707583820764764, 0.00014314407068043503, 0.0035224098247110653, 0.0031380056595896825, 0.0001764664741285076, 0.002646148737289725, 0.0003303968288883567, 0.0005856572197195956]
Clec9a Kupf [2.1359615325927734, 1.3467020988464355, 1.1472657918930054, 0.9911450147628784, 1.0471314191818237, 0.9920373558998108, 0.8507457375526428, 1.1303600072860718, 1.0112942457199097, 0.6813700795173645] [1.9972171092302842e-22, 1.1320496177307472e-16, 2.1178080219996587e-12, 3.4606164945019593e-12, 6.4985450656351195e-12, 5.0303025523863744e-12, 1.7953918762404154e-11, 2.436593426239591e-15, 4.409577526767409e-14, 9.67667583164995e-10]
Clec9a LSEC [0.714282214641571, 0.2645193934440613, 0.6945473551750183, 0.44013816118240356, 0.6063270568847656, 0.4177004396915436, 0.6283772587776184, 0.6564680337905884, 0.42401108145713806, 0.20884442329406738] [0.00010936084262664008, 0.0009484043316876582, 1.240529262936664e-06, 5.216339890171758e-06, 9.859157835519185e-05, 9.76325297447357e-07, 0.00017735198304889228, 2.3102508712765184e-05, 2.1627030797785923e-05, 1.0061868388937162e-06]
Clec9a Oth im [3.253739833831787, 3.6704607009887695, 3.489640474319458, 3.7559926509857178, 3.6770806312561035, 3.4019157886505127, 3.602402448654175, 3.9300012588500977] [0.00010954999821642924, 9.953624737704763e-06, 0.005852790824900212, 3.9097189057915246e-05, 2.6773075762044176e-05, 8.80312228310774e-05, 3.7886789535030122e-06, 4.46092805175858e-06]
Mfap4 Fibr [4.475137233734131, 4.0191779136657715, 4.315682888031006, 4.94724178314209, 4.652166843414307, 4.596399784088135, 4.0019989013671875, 4.577115535736084, 4.76760196685791, 4.549759387969971] [2.9942217853529555e-29, 1.8062244314124957e-23, 3.631586882779183e-21, 3.1763152775603973e-35, 5.5831565657391055e-28, 2.9847181434000713e-27, 1.3178399611692022e-25, 4.971452869198983e-29, 2.704742072770888e-32, 3.18695861158145e-29]
Tmem119 Fibr [2.8343305587768555, 2.8107285499572754, 3.1663873195648193, 3.152433395385742, 2.9507975578308105, 3.025136947631836, 2.7867207527160645, 3.0701355934143066, 2.989612340927124, 2.9878833293914795] [2.654188214074874e-16, 1.0420670036630806e-12, 7.640404251096254e-16, 1.3839310712726244e-19, 1.7702811700640212e-16, 1.2667354646650933e-17, 1.0475622354651002e-16, 5.609261799964759e-18, 7.840408565546398e-16, 6.203116940175039e-16]
Myh11 Fibr [2.426130771636963, 1.7767887115478516, 2.524014472961426, 2.219435930252075, 2.6738481521606445, 2.3107783794403076, 1.947381854057312, 2.577174425125122, 2.0401411056518555, 2.6597893238067627] [1.0166804630467168e-05, 0.002025889689790462, 0.00012432506695068612, 3.0911249172497824e-06, 1.8552475008695961e-07, 7.344831488399496e-06, 0.00019919500386250303, 0.00028022273192567084, 0.00010542689853471518, 3.6833422157183515e-07]
Chil3 Fibr [3.1124179363250732, 3.311257839202881, 2.9481945037841797, 3.5380942821502686, 3.086625337600708, 3.4927871227264404] [0.00857966800949706, 0.007788183001862948, 0.003971438956077634, 0.0005543261392573405, 0.004847083994620122, 0.00015907066609944977]
Ngfr LSEC [0.9122856855392456, 0.8515399098396301, 0.9625153541564941, 0.8101274371147156, 0.9226850271224976, 0.8631331920623779, 1.1705371141433716, 0.861845076084137, 0.9808684587478638, 0.9835702776908875] [8.544927372860054e-10, 4.769418017089229e-07, 2.3112433803643952e-07, 9.729799700976508e-07, 1.0592112769329598e-08, 2.7283712568037064e-07, 1.7877741664059896e-14, 5.390974442006777e-06, 2.390062056240265e-07, 1.3695849610080086e-09]
Ngfr Hepa [0.2996341586112976, 0.28714218735694885, 0.6665825843811035, 0.4542991816997528, 0.3994075357913971, 0.33094078302383423, 0.4447740316390991] [0.008224375121388714, 0.004374413966267675, 1.0716903065186908e-06, 0.0006569646998023209, 0.0033670551479154896, 0.0020723499114407838, 0.0011496144385692527]
Pck1 LSEC [0.30577656626701355, 0.12365909665822983, 0.08076857775449753, 0.17556791007518768, 0.2794884443283081, 0.19061094522476196, 0.17718864977359772, 0.14633071422576904] [3.934856649695918e-06, 0.002151085801874868, 0.008303246009047653, 2.653599923526431e-05, 0.00012236775080421471, 6.444838763685488e-05, 0.0008872629956927841, 0.00034408082635700043]
Gdf15 LSEC [0.9947258830070496, 0.9004738926887512, 1.0624209642410278, 1.018926978111267, 0.8357759118080139, 0.7902324795722961, 0.9853464365005493, 1.0984944105148315, 0.8577221035957336, 1.1994754076004028] [0.0012657131942401833, 0.00030386428550634284, 0.0007931010880683164, 0.0001235717300233451, 0.0036573439289036037, 0.0014441739895192046, 0.0005370326986411521, 2.3102508712765184e-05, 0.0005389623537911558, 2.2207753507525007e-05]
Gdf15 Hepa [0.9602293968200684, 0.7944152355194092, 0.9869320392608643, 0.7186879515647888, 0.9673236012458801, 0.7712371945381165, 0.5752873420715332, 0.9541611671447754, 0.9228819608688354] [1.2249279195882935e-07, 0.00011401973173554429, 4.362020286753251e-05, 0.009454796345549542, 0.00010485327597446509, 3.42726306885214e-05, 0.006187008248934834, 7.608886839046025e-07, 0.0002448249354086291]
Cd5l B cell [0.8111624717712402, 0.8193310499191284, 0.5752755403518677, 0.9566400647163391, 0.9117749929428101, 0.761024534702301, 0.7134360074996948, 0.6906647682189941, 0.7449756264686584, 0.8116417527198792] [6.896481926162107e-08, 3.674931900952734e-07, 3.4653894415596086e-05, 2.4249520542395005e-11, 3.876820580318475e-08, 1.2082671271946945e-08, 1.2246332621730253e-11, 6.0720259266141724e-06, 2.2467413931055506e-06, 5.049775193825811e-10]
Clec4f B cell [0.25306999683380127, 0.36736685037612915, 0.4519391357898712, 0.2288389652967453, 0.1142854392528534, 0.2868984639644623, 0.2724725604057312, 0.24736031889915466, 0.6264565587043762] [7.3630839990888164e-06, 1.896643208557123e-05, 2.7422043153837727e-07, 0.00014319071338724933, 0.0004392715835063333, 1.2075500205211049e-06, 2.5940711420352196e-05, 0.0004391339230746632, 1.43366782690521e-07]
Pecam1 Central vein [2.27370548248291, 2.2634024620056152, 2.440072774887085, 2.473470687866211, 2.2246413230895996, 2.3039281368255615, 2.377554416656494, 2.4717788696289062, 2.336426019668579, 2.3306243419647217] [3.492600557554765e-51, 1.0716859507957115e-50, 2.864450516261739e-58, 2.974844425972783e-60, 9.387047765963105e-58, 1.8286674838843167e-53, 1.6745056707996862e-57, 2.8455666370352576e-59, 2.4695450174109686e-54, 3.05654349970627e-54]
Cyp2e1 Central vein [0.7409102320671082, 0.604408860206604, 0.5912862420082092, 0.6989783644676208, 0.7684681415557861, 0.7699174880981445, 0.7494983673095703, 0.5908077359199524, 0.7261025905609131, 0.6398801803588867] [1.2057489812401536e-10, 1.1214523779798111e-07, 4.420080200333731e-10, 5.264099624914738e-10, 6.153637879031553e-10, 1.2387188835281818e-12, 9.371769119299132e-11, 6.8993497468942165e-09, 8.657068697621928e-10, 1.0501419250952313e-09]
Cyp2e1 Portal vein [2.1031887531280518, 2.098271131515503, 2.2790749073028564, 1.990112066268921, 1.8857420682907104, 1.9120118618011475, 2.125398874282837, 2.1394994258880615, 2.0673091411590576, 2.220672369003296] [6.253403376425331e-19, 6.022881243549837e-22, 2.558090239845143e-23, 2.4987022621740365e-17, 1.0052182591062959e-13, 2.2250628197386017e-11, 1.2333821768079777e-20, 1.5621503507014688e-20, 4.666323189361448e-20, 5.842622346499767e-25]
Sirpa Central vein [0.3414781987667084, 0.5904939770698547, 0.48600128293037415, 0.6347662806510925, 0.3764134645462036, 0.5513511896133423, 0.2119630128145218, 0.7819244861602783, 0.5022571682929993, 0.4903491735458374] [0.00011339848016861395, 2.2780437034533146e-08, 1.3459948939228327e-07, 2.626645953760506e-08, 1.4212280864813415e-05, 2.38657222908474e-07, 0.0002158431136406999, 9.931499925954115e-12, 1.671229104965068e-06, 3.360509655435513e-07]
Sirpa Chol [0.14858050644397736, 0.2596738040447235, 0.3886670470237732, 0.2223198562860489, 0.5955826044082642, 0.17801333963871002, 0.40508365631103516, 0.27736079692840576, 0.33918917179107666, 0.31497642397880554] [0.00036866823008266386, 2.2901888489103992e-05, 7.077065748622436e-06, 8.395420910272056e-05, 5.783238588571384e-10, 0.0033837857994807054, 0.00013842787152897022, 0.0016031430538990317, 0.00023535588643841087, 5.0586908851329065e-06]
Flt4 Central vein [0.2214532345533371, 0.7647686004638672, 0.7208402752876282, 0.7269753217697144, 0.8797042965888977, 0.6783047914505005, 0.7589445114135742, 0.9111269116401672, 0.6712676882743835, 0.663825511932373] [0.00021538860698625434, 1.3718755540755874e-09, 2.8173434244183245e-09, 1.090788279749521e-09, 5.7395351453612915e-12, 1.008625846716483e-06, 6.434855436341194e-08, 6.086470526618745e-12, 4.72421523157885e-08, 8.475115159237447e-08]
Stab2 Central vein [1.1764004230499268, 1.4026715755462646, 1.2347486019134521, 1.3876094818115234, 1.5851303339004517, 1.1704405546188354, 1.2901365756988525, 1.3400156497955322, 1.2979998588562012] [0.008710646868807374, 2.0044796159455576e-05, 0.00139002685996814, 4.396508271661178e-05, 1.5123792576490604e-05, 0.0006266010680810691, 0.0060326939333403, 0.00019823602594973118, 0.00026678101774403086]
Lgr5 Portal vein [3.9649648666381836, 4.5895304679870605, 4.855131149291992, 4.13005256652832, 4.044480323791504, 4.029473781585693, 4.095940589904785, 4.734498023986816, 3.5017807483673096, 4.673155784606934] [8.761829020435148e-05, 6.581584272889419e-05, 4.392208123371003e-08, 0.00031577371853724114, 0.0004829956743286361, 0.002456782061482781, 0.0006037195268580011, 3.548908055135384e-07, 0.0004032875418102708, 3.850351094182408e-07]
Ghr Portal vein [0.41496726870536804, 0.5835754871368408, 0.7511663436889648, 0.5532721877098083, 0.3871765434741974, 0.73102867603302, 0.7317500114440918, 0.7430327534675598, 0.6351315975189209, 0.525187611579895] [0.0020420126107319643, 0.00041900674707329524, 3.1988789418889727e-09, 1.599864934580827e-05, 0.0005126244723482041, 1.6162468541549424e-07, 2.4185976104449634e-07, 4.0398548507748254e-08, 5.4073910416197966e-08, 2.588219195895031e-05]
Hal Stel [0.3350292444229126, 0.6749554872512817, 0.713773250579834, 0.7245883345603943, 0.583189845085144, 0.7096198201179504, 0.5371060967445374, 0.6165542602539062, 0.6577926278114319, 0.7577858567237854] [0.003525025768721691, 9.010535034793044e-07, 9.728351449680523e-08, 3.0877241712272153e-07, 5.602573257683907e-06, 9.385158150998887e-07, 4.2298978431124084e-07, 8.473449394017511e-07, 3.250089596103506e-06, 1.543596783018769e-06]
Sds Chol [0.8092252016067505, 0.558332622051239, 0.9342190623283386, 0.6370237469673157, 0.8262490034103394, 0.6821271777153015, 0.922981858253479, 0.5267952084541321, 0.7492754459381104, 0.3769799768924713] [2.198068031810735e-05, 0.009819724268395799, 2.2792660902710758e-07, 2.2644619354566686e-05, 0.0008550339612677433, 0.000161310942148963, 2.5716929931031325e-05, 0.001468177017258599, 0.00023535588643841087, 0.0010941853813934484]
Cx3cr1 Chol [1.0783058404922485, 1.62507164478302, 1.476981282234192, 1.656391978263855, 1.7798441648483276, 1.7092819213867188, 1.3332966566085815, 1.3647267818450928] [0.0023540490924060242, 0.003386960198912378, 0.0012834110593001298, 0.004902979284190065, 0.00019256831576909477, 0.0010192753531234214, 0.0009237864714952292, 0.002824205320174501]
Cd3e Oth im [5.63157844543457, 5.420973300933838, 5.553032875061035, 5.37061071395874, 5.727490425109863, 5.601272106170654, 5.303829193115234, 5.5217108726501465, 5.660449981689453, 5.233262062072754] [8.378323198380826e-31, 2.3082484246731066e-30, 1.2424817575918932e-26, 2.603904762891082e-23, 4.86307793266566e-32, 5.678024679294381e-26, 4.202457523490514e-25, 6.284394946665222e-30, 3.603238375145846e-25, 1.208300610810209e-22]
Axl Oth im [0.7330563068389893, 0.7774977684020996, 0.9222643971443176, 0.6498314142227173, 0.7211195826530457, 0.9995826482772827, 0.973820149898529, 0.5673506259918213] [0.0008402615541462093, 0.003834320480445066, 0.00017689125913967124, 0.009328357166891179, 0.0002877899580392777, 0.00023491145254359006, 3.056303054097681e-05, 0.0036303217959328476]
Xcr1 Oth im [4.828610420227051, 5.213492393493652, 5.361702919006348, 5.270579814910889, 4.653186798095703, 5.259617328643799] [0.005006030875929891, 0.004373027216885131, 0.007547644723204393, 0.0005404600986848283, 0.0018115218022434346, 0.0002713608957711041]
