Col1a1 Strom [1.8399003744125366, 2.07692289352417, 1.9964834451675415, 1.792517900466919, 1.821796178817749, 1.8809059858322144, 1.9808228015899658, 1.9714815616607666, 1.849418044090271, 1.9227782487869263] [7.230450972982071e-27, 2.3760150372689184e-33, 2.539723261983215e-30, 2.3771421585245127e-27, 7.13197110333323e-28, 3.035819143281265e-27, 1.8872431391520372e-28, 2.0027736130371897e-29, 2.1070790247154303e-25, 5.869684713410746e-31]
Col1a1 Chol [1.2960219383239746, 1.2393336296081543, 1.1635634899139404, 1.3471955060958862, 1.369525671005249, 1.3419904708862305, 1.2345858812332153, 1.1851483583450317, 1.4056257009506226, 1.2317677736282349] [3.3451670382950723e-56, 5.492581635165369e-57, 3.431314691022062e-52, 2.65973167966234e-62, 3.266289537100256e-58, 2.600009180211968e-55, 8.553936850095381e-57, 5.69778111202356e-55, 8.429569870572283e-58, 8.459395088262261e-57]
Col1a1 Oth im [1.1344200372695923, 0.8853858113288879, 1.0324037075042725, 1.0991766452789307, 1.1260550022125244, 1.1131680011749268, 1.0961984395980835, 1.1266230344772339, 1.0286054611206055, 1.150720477104187] [2.0515752765621096e-13, 3.3743713040166136e-08, 4.358834554648724e-10, 2.131221135446031e-09, 1.776375210164617e-12, 2.507938786415429e-11, 2.7299850435288044e-13, 1.546291353234799e-13, 2.49137652237015e-10, 2.087090154449283e-12]
Myh11 Strom [2.8354692459106445, 2.85811448097229, 2.775491952896118, 2.7324182987213135, 2.672961473464966, 2.819413661956787, 3.081404447555542, 3.0030362606048584, 2.680708646774292, 3.0244288444519043] [5.209029164017707e-18, 6.59842953800845e-18, 1.919111336260682e-20, 6.184808190586802e-20, 9.439602452439074e-15, 1.3762680575875603e-13, 2.3999756128397427e-20, 6.16675012578467e-18, 8.709591740208697e-25, 2.877687578096001e-20]
Myh11 Chol [0.27960512042045593, 0.4256034195423126, 0.21711811423301697, 0.38597536087036133, 0.3879062235355377, 0.426055908203125, 0.14170542359352112, 0.3996365964412689, 0.3997493386268616, 0.2575015723705292] [0.0008027275643102804, 0.000326227331531438, 0.0001365441513011308, 2.4220246389374498e-05, 0.00010255883017205364, 0.00034480881985801047, 0.0015619969123729428, 4.989885173048362e-05, 0.0020951254431866234, 5.541851712509174e-05]
Ngfr Strom [0.36883988976478577, 0.46390092372894287, 0.45316028594970703, 0.35849088430404663, 0.39509138464927673, 0.3706839382648468, 0.3541296720504761, 0.36978045105934143, 0.5380414724349976, 0.40306520462036133] [4.860242672379306e-13, 6.1051194168921575e-18, 1.76352177274777e-16, 6.148598895409785e-12, 3.0574882111160952e-15, 4.054113888757118e-11, 2.20240464526049e-12, 2.6079088987063166e-11, 5.0393441893423404e-20, 9.713293430168881e-14]
Ngfr Endo [0.509123682975769, 0.7041692137718201, 0.6039569973945618, 0.5970035791397095, 0.6014389395713806, 0.6266155242919922, 0.6187267899513245, 0.6123957633972168, 0.5369646549224854, 0.5573887228965759] [1.4616837903176087e-12, 6.219916581273547e-26, 1.0511799839243558e-16, 6.375998699586041e-15, 7.554068174299283e-17, 1.3085860253723077e-20, 1.8258139695012517e-16, 2.211499416175461e-18, 4.120848176055717e-13, 1.1055078526925853e-15]
Ngfr Hepa [0.032894980162382126, 0.0524139329791069, 0.07909560203552246, 0.08649671822786331, 0.12280700355768204, 0.13461878895759583] [0.006606735586083444, 0.003069117547488114, 0.000876113689541336, 0.005203102393996226, 7.692828864070897e-06, 0.0010842435255127448]
Cyp2e1 Strom [0.322020947933197, 0.25382307171821594, 0.3314201831817627, 0.35209691524505615, 0.3599635362625122, 0.4019486904144287, 0.2734830677509308, 0.3525683879852295, 0.1318511962890625, 0.20191967487335205] [8.39807660497964e-12, 2.0786593026431672e-10, 3.140983382749442e-12, 1.2873949693489122e-12, 5.85477703340885e-14, 1.612515853893921e-16, 4.132183295241422e-09, 1.84338828054069e-12, 2.419154494552417e-06, 2.16140414218323e-06]
Cyp2e1 Endo [0.4077015519142151, 0.445199191570282, 0.5292885303497314, 0.5707954168319702, 0.4670543968677521, 0.5817907452583313, 0.5936753749847412, 0.5866562724113464, 0.5269768834114075, 0.5688464641571045] [8.368448941685292e-15, 1.3060932495665654e-17, 6.754472555661264e-20, 1.3137498501595471e-24, 5.488205592683058e-20, 6.105725414392907e-22, 1.063756616586133e-22, 1.0428973170283895e-22, 6.345643217024179e-23, 1.2636963196147461e-23]
Spon2 Strom [2.0784003734588623, 2.088491678237915, 2.0992820262908936, 2.2536065578460693, 2.165050983428955, 2.019134521484375, 2.1661579608917236, 1.9051125049591064, 1.8173935413360596, 1.8144338130950928] [5.89654104383266e-08, 2.77357886560636e-07, 6.238635419104565e-08, 2.400954433706582e-09, 1.7303152051885026e-07, 1.4355478308030994e-07, 1.4794043653699184e-07, 2.5239271671903936e-06, 9.873438039295593e-06, 5.299307386911139e-05]
Spon2 Chol [1.389798641204834, 1.4351475238800049, 1.4173269271850586, 1.3629273176193237, 1.4142086505889893, 1.4269858598709106, 1.4357624053955078, 1.472610592842102, 1.4751673936843872, 1.5891637802124023] [0.0003137107160221412, 0.0003007923696556484, 0.0006785627326389992, 0.00032036238741600827, 0.00014692972271179033, 0.0006933537800364564, 0.0004497087223545403, 0.00014860483579116283, 0.0001817826095508177, 5.9065656818274606e-05]
Tmem119 Strom [1.5654008388519287, 1.7315082550048828, 1.7029286623001099, 2.086473226547241, 1.7472947835922241, 1.7677865028381348, 1.467665433883667, 1.80612313747406, 1.8734439611434937, 1.7832351922988892] [0.0077094229858833555, 0.0006652223335346546, 3.843127826758462e-05, 1.1058706499272247e-05, 0.0023572793302591255, 7.316652876482972e-05, 0.005257663278951241, 0.0005560817633502729, 0.0012781132637928515, 0.000665643031740091]
Clec9a Kupf [0.7106228470802307, 0.5916189551353455, 0.6988539099693298, 0.7892140746116638, 0.7710540294647217, 0.6006491780281067, 0.9184672236442566, 0.7901312708854675, 0.7247828841209412, 0.7118460536003113] [1.1287470886453191e-66, 6.840352971653932e-57, 1.290856763353436e-61, 2.2418169352788493e-56, 1.0023296244459647e-59, 4.24812023456993e-55, 2.7327274674761674e-70, 4.605635026963859e-59, 1.2689836789809653e-59, 2.882394296221775e-57]
Clec9a Oth im [3.057391881942749, 3.153437376022339, 3.0450801849365234, 2.945232391357422, 3.0293703079223633, 3.1830499172210693, 2.829453945159912, 2.9611454010009766, 2.99617600440979, 2.940967321395874] [2.3285737184472912e-14, 1.4428179859758092e-18, 1.6048408479057292e-15, 1.6160769429719053e-12, 1.453582531447266e-16, 5.964838044600232e-19, 2.9095437535314754e-12, 1.3541313689738151e-15, 3.748472511971592e-15, 4.4770592125575904e-14]
Dpt Chol [2.2999110221862793, 2.263420581817627, 2.1917924880981445, 2.3146865367889404, 2.1463353633880615, 2.282876968383789, 2.3433642387390137, 2.1829700469970703, 2.248438835144043, 2.223231554031372] [1.3459001353343801e-133, 6.048278514361395e-132, 8.152259559891821e-129, 7.245998001347102e-134, 1.8323438786229248e-129, 5.1657829027969106e-129, 3.2642462063911637e-134, 1.7346882750579074e-127, 3.81778129759645e-126, 1.1951575322550871e-124]
Dpt Oth im [1.2449254989624023, 1.1931836605072021, 1.3192259073257446, 1.103732943534851, 1.2987685203552246, 1.1611984968185425, 1.2186036109924316, 1.283248782157898, 1.2316539287567139, 1.246060848236084] [3.422642486481928e-10, 8.993799444382953e-09, 3.917765319874799e-11, 5.400329019760194e-08, 1.0100033725948749e-11, 7.986187738494345e-09, 1.6488982975615667e-09, 2.6912608574062207e-10, 1.6811766905551121e-09, 6.398231211918142e-11]
Adamtsl2 Chol [1.6662150621414185, 1.7138872146606445, 1.5655221939086914, 1.7330726385116577, 1.5913065671920776, 1.6531002521514893, 1.7467858791351318, 1.6924009323120117, 1.8341777324676514, 1.598962664604187] [8.317194087106886e-33, 1.329327562197408e-34, 3.9866772792383876e-28, 4.035199577775498e-39, 1.446162980829109e-34, 5.8773929914270815e-33, 6.839901321676867e-35, 2.4569041829207466e-36, 3.9161842960144095e-36, 1.546592900904128e-36]
Cx3cr1 Chol [1.0167875289916992, 1.100211501121521, 1.046094536781311, 1.0672441720962524, 0.8621473908424377, 1.0266286134719849, 1.173897385597229, 0.8545501232147217, 1.0196996927261353, 1.1967698335647583] [1.8747649709520844e-13, 6.53062336951462e-15, 8.648720940600703e-14, 3.95630616193402e-15, 2.5772518394785835e-13, 3.314812215247961e-12, 7.568899804608873e-15, 6.626752502026038e-13, 9.354207547027087e-13, 1.1032283955472931e-14]
Cx3cr1 Oth im [3.2599639892578125, 3.0997188091278076, 3.3966023921966553, 3.253561496734619, 3.273348331451416, 3.17415714263916, 3.0640926361083984, 3.196357250213623, 3.0443732738494873, 3.1459264755249023] [1.2408790736872868e-18, 2.291926924834722e-15, 6.983251338918758e-16, 1.5022749375132644e-18, 1.9751182467957396e-15, 1.420005249084505e-17, 6.4890407387628485e-15, 5.680945960473517e-18, 2.599195205928875e-16, 1.8845933402420885e-14]
Gja5 Chol [3.412461280822754, 3.456568717956543, 3.259375810623169, 3.4887053966522217, 3.271566867828369, 3.5984911918640137, 3.348917007446289, 3.637540102005005, 3.655776262283325, 3.173663854598999] [3.3474047916513017e-10, 1.9945194370499338e-10, 1.1936123073034044e-09, 1.8149282574822588e-09, 9.744787217883107e-10, 1.1556059130422642e-10, 3.6343245934850935e-10, 1.0752969419064249e-09, 1.0635124754105618e-10, 7.382573754193082e-09]
Sds Chol [0.2939462661743164, 0.29408103227615356, 0.28759467601776123, 0.2433604896068573, 0.32304102182388306, 0.26638713479042053, 0.3030678927898407, 0.28786689043045044, 0.30544379353523254, 0.24942973256111145] [8.061152529670305e-10, 3.363516285582633e-09, 1.4317647649555542e-09, 6.355378701776454e-08, 2.017400186164597e-09, 1.2749584811109633e-08, 1.5631870754393995e-08, 9.170382118113946e-10, 1.5246664666963952e-09, 3.151288106072701e-08]
Vwf Chol [2.168147325515747, 2.404850482940674, 2.177004337310791, 2.3971776962280273, 2.186854600906372, 2.544872999191284, 2.2580621242523193, 2.4892385005950928, 2.34635329246521, 2.1582980155944824] [1.4422187918432063e-09, 9.405298273376423e-11, 8.269203066507064e-11, 6.486111551008581e-10, 2.8307162266987514e-09, 8.267588815701479e-11, 3.3788597668668814e-09, 6.749329714045034e-10, 1.0266797981029255e-08, 6.26915046894038e-09]
Mfap4 Chol [1.9395252466201782, 1.9528329372406006, 1.8790183067321777, 2.032724142074585, 1.963801383972168, 1.9365788698196411, 2.015110969543457, 1.7064692974090576, 2.0890238285064697, 1.9911322593688965] [7.137092905844547e-09, 2.3540780001702515e-09, 6.5029551937400975e-09, 1.4470337027602986e-10, 1.711886646443617e-09, 4.5221437942009405e-09, 3.4958472869532244e-09, 3.83081385295629e-08, 1.6443077485366036e-10, 2.8720570897752365e-10]
Igfbp3 Chol [0.06136397644877434, 0.1738346517086029, 0.2145681381225586, 0.19003333151340485, 0.18252095580101013, 0.1384902447462082, 0.16721808910369873, 0.2176414281129837, 0.07385130226612091, 0.16953131556510925] [4.223333724889039e-08, 9.52999478396498e-10, 1.366305410012418e-09, 2.919288102121773e-10, 3.734751436874556e-09, 1.8399206558157328e-09, 3.4958472869532244e-09, 6.687497742687572e-10, 1.3562701154651427e-07, 1.3729549192085812e-09]
Cd3e Oth im [5.886390209197998, 5.758925914764404, 5.866491317749023, 5.856530666351318, 5.953825950622559, 5.740677356719971, 5.833691596984863, 5.708225250244141, 5.809603214263916, 5.858622074127197] [2.0161804345549317e-134, 1.7004108317194984e-125, 1.5634810139901834e-127, 6.263901076535896e-125, 2.975906418957577e-137, 2.0917359956724393e-121, 1.6429723504900163e-136, 3.152321486903292e-129, 3.714747092486681e-131, 8.027813226121343e-137]
Axl Oth im [0.70860356092453, 0.6876557469367981, 0.8240912556648254, 0.7169355154037476, 0.7631468772888184, 0.819507896900177, 0.6907338500022888, 0.7802074551582336, 0.7376935482025146, 0.6375675797462463] [8.309996055692053e-17, 2.8814489594568743e-16, 4.1422972350941436e-21, 3.605982741126073e-14, 4.630517881942164e-17, 5.670047768663739e-23, 8.341916024061834e-14, 2.2535080250165584e-20, 5.154677980186772e-18, 4.771221468928675e-16]
Xcr1 Oth im [4.841130256652832, 4.814406871795654, 4.546186923980713, 4.781040668487549, 4.771612167358398, 5.044138431549072, 4.788870334625244, 4.493083953857422, 4.818542957305908, 4.711284637451172] [3.894905566622855e-11, 1.0418551252874188e-11, 1.2432828484209407e-10, 4.450038440930643e-08, 6.663165839731735e-10, 2.351398836136009e-10, 7.417026782888321e-09, 7.599523389834298e-09, 1.6811766905551121e-09, 1.8982534572281935e-11]
Sirpa Oth im [0.8554918766021729, 0.8679214715957642, 0.8725769519805908, 0.8342797160148621, 0.8392211198806763, 0.8905482888221741, 0.7024818062782288, 0.868838906288147, 0.8153233528137207, 0.7179954051971436] [2.2946767853383654e-10, 1.2830151370768187e-08, 3.4404566228443625e-08, 3.0596749111765784e-07, 3.3800482549972457e-07, 7.082650412254508e-11, 3.364262308998158e-05, 2.1062619882037997e-09, 5.976445361849063e-06, 3.926702327979538e-05]
Sirpa Endo [0.011201306246221066, 0.10460503399372101, 0.07790438830852509, 0.02479390613734722, 0.0362202487885952, 0.0077740903943777084, 0.03517427295446396, 0.0797971785068512, 0.05765221640467644, 0.166963592171669] [7.171831830076318e-15, 6.19590845549698e-20, 9.328473737559594e-17, 1.0145171911047087e-15, 1.6890477072881043e-17, 2.0145215178403826e-14, 4.266837535440458e-15, 1.752961941153995e-15, 4.140565204949609e-16, 1.7274816903518172e-25]
Sept3 Oth im [3.872556686401367, 3.999664068222046, 4.008875370025635, 3.8530092239379883, 3.9681460857391357, 3.8055074214935303, 3.996647357940674, 3.9611268043518066, 3.9377315044403076, 3.8299598693847656] [2.8894532106587496e-10, 4.779039241285287e-10, 2.603636079446257e-10, 2.5443354688911945e-08, 1.6191976233322635e-10, 1.3503496922493115e-08, 4.76869333463005e-08, 1.6863025775787357e-08, 1.6811766905551121e-09, 3.2803100384919277e-07]
Itgae Oth im [3.1089425086975098, 3.2256946563720703, 3.0962085723876953, 3.052683115005493, 3.1280124187469482, 3.2530181407928467, 3.1765692234039307, 3.19234299659729, 3.310074806213379, 3.156249761581421] [5.932443614192257e-09, 5.27301592326813e-09, 2.0088177777742916e-06, 1.3305562767059264e-06, 3.3800482549972457e-07, 7.243669706555406e-08, 2.557543590715496e-06, 2.795613175614496e-08, 1.1910726733237435e-07, 2.249822028171274e-08]
Cd209a Oth im [4.777965068817139, 4.651222229003906, 4.91107702255249, 4.905141830444336, 4.804294586181641, 4.823645114898682, 5.224307060241699, 4.789820671081543, 4.91575288772583, 4.7265543937683105] [2.809634321525276e-07, 1.6951224887470773e-07, 5.3035161083183565e-08, 2.9047739862679392e-09, 5.26169535901281e-09, 3.5799036525779436e-08, 7.377597775025791e-09, 4.735869434259569e-09, 3.6952843719876934e-09, 4.1416600817185735e-07]
Glul Oth im [0.4094909429550171, 0.35556328296661377, 0.36629268527030945, 0.30208441615104675, 0.4241311252117157, 0.3880279064178467, 0.3060031831264496, 0.3290499746799469, 0.5104424357414246, 0.46818143129348755] [9.01242113037746e-06, 9.760157685737597e-06, 8.226128225149884e-06, 0.0016155110772284923, 4.4780280047663554e-08, 3.8989374023219615e-06, 3.364262308998158e-05, 0.0003877569279021187, 1.5392976449857163e-06, 0.00013587348961026306]
Glul Endo [0.8885579705238342, 0.8360446691513062, 0.939591109752655, 0.7282706499099731, 0.8460725545883179, 1.0002589225769043, 0.9074415564537048, 0.9180611968040466, 0.9540268182754517, 0.9681991338729858] [5.49299721232368e-26, 5.820267427110175e-29, 3.367783298793121e-29, 1.3137498501595471e-24, 1.1369504843201286e-31, 1.6207859223598425e-33, 3.241318659584387e-26, 6.285654939423027e-26, 2.9571847178635398e-28, 3.0619498408829173e-35]
Clec10a Oth im [3.1565701961517334, 2.7986578941345215, 3.211960792541504, 3.4259848594665527, 3.269740343093872, 3.318153142929077, 2.9754364490509033, 3.229707956314087, 3.140610694885254, 3.335787296295166] [4.7352640836756887e-05, 0.0002668862278836804, 0.0001268538905623193, 0.00014099079674621275, 4.0235604955658115e-05, 0.0002187543921199294, 0.0003431803126793231, 0.0002802910364251487, 0.0008788277766922104, 0.00017919841683888997]
Adgre1 Oth im [0.27192753553390503, 0.2070590853691101, 0.3592648506164551, 0.16927911341190338, 0.1558232307434082, 0.37666481733322144, 0.26677823066711426, 0.3414604365825653] [0.0007208405185171767, 0.0026650597032189267, 1.941542315447732e-05, 0.006940767819894294, 0.009565192594951429, 0.00017649956947939164, 0.000731087182521677, 0.0002802910364251487]
Lpl Oth im [0.5910876989364624, 0.6467856168746948, 0.6281430721282959, 0.6478930711746216, 0.5899646282196045, 0.5977961421012878, 0.6932870745658875] [0.004343288589230067, 0.003663592431571968, 0.003440965784004543, 0.008620487871494536, 0.0002675340088431032, 0.0011914283103603557, 0.0009323328842049927]
Mgl2 Oth im [3.844595193862915, 4.371364593505859, 3.9554591178894043, 4.21030330657959, 4.392229080200195, 3.748586416244507] [0.004760380581590165, 0.0014908506525093434, 0.005351820670594629, 0.0028730004416746037, 0.005925666943436865, 0.008620036957822791]
Gdf15 Hepa [0.7167713046073914, 0.5345014929771423, 0.6477015018463135, 0.8161896467208862, 0.8110119104385376, 0.6081990003585815, 0.8989660739898682, 0.6332157254219055, 0.6779745221138, 0.7777981162071228] [2.1219211144468783e-20, 1.3036828081571528e-11, 1.8120740749099885e-15, 4.864850087509737e-16, 1.5938226064362126e-17, 2.973707956669251e-14, 5.486562798182226e-21, 2.509421428908995e-12, 2.3987231712498015e-14, 8.552605872025382e-17]
Gdf15 Endo [0.6443308591842651, 0.7541421055793762, 0.627236545085907, 0.5985194444656372, 0.6215181946754456, 0.7219457626342773, 0.6021834015846252, 0.6322704553604126, 0.45608028769493103, 0.5917969346046448] [1.515723059967665e-07, 1.2088382376134166e-11, 5.7653574239124685e-09, 6.674954975191701e-10, 6.569786402080494e-09, 1.5624035833381818e-12, 4.9636922851219425e-09, 1.1848701780078317e-09, 3.834332859764317e-06, 2.0835857603868168e-08]
Mmp12 Hepa [1.7285923957824707, 1.6319206953048706, 1.7309194803237915, 1.5275639295578003, 1.6532167196273804, 1.32639479637146, 1.637062430381775, 1.69777250289917, 1.658584475517273, 1.6595345735549927] [9.852989314501474e-17, 2.5886214788755748e-14, 8.364679918665751e-18, 7.34049346551994e-11, 4.0175004710897257e-13, 2.0881966492238367e-10, 1.79330073889582e-16, 8.063914758958785e-15, 1.3436516268233958e-13, 1.1559202976930562e-11]
Lgr5 Hepa [3.5075454711914062, 3.736034393310547, 3.353562355041504, 3.479738235473633, 3.0987436771392822, 3.1024627685546875, 3.498296022415161, 3.7569093704223633, 4.008702278137207, 3.3346564769744873] [0.0008395118051974311, 0.0009798427119768218, 0.0029612144785851253, 0.0017679783353280354, 0.0015120190726010257, 0.0060497248015830086, 0.0019257953047117494, 0.00021735089138187765, 3.366943872903356e-05, 0.00016047843425984304]
Lhx6 Endo [3.9393115043640137, 3.6942594051361084, 3.9161534309387207, 3.8198325634002686, 3.577176809310913, 3.653484344482422, 3.5671658515930176, 4.300386905670166, 3.996884822845459, 3.9180853366851807] [6.741183051401027e-07, 3.3058816409988734e-05, 1.4295402221344312e-06, 2.6030991489671154e-05, 0.0009648974596084595, 2.818783559648615e-05, 4.517401656216257e-05, 2.182889261442573e-06, 1.6508585172370155e-07, 4.665795505312714e-06]
Cd5l B cell [0.12542027235031128, 0.1325550377368927, 0.1065945103764534, 0.12712478637695312, 0.11259511858224869, 0.11730244010686874, 0.10381118208169937, 0.14938931167125702, 0.11143896728754044, 0.13283036649227142] [7.721601085231777e-15, 5.9032992088206865e-15, 2.419079608491543e-15, 3.7585737511800586e-15, 1.0982680038644011e-14, 4.679491189417084e-14, 5.568643135719491e-15, 1.5730015059062405e-15, 1.1478749833015159e-14, 1.444908446768017e-15]
Ghr Endo [0.06540989130735397, 0.03421024978160858, 0.032040562480688095, 0.10549551248550415, 0.08139336854219437, 0.023032236844301224, 0.03124123439192772, 0.029699739068746567] [7.576066457665676e-05, 0.00480250844254225, 0.0008038614216880034, 2.7673232497101206e-05, 9.800448150124356e-05, 0.0023120552917233676, 0.000501992520237256, 0.0028326309271897478]
